fig1
g: 0 0 3 24 2 13 5 0 2 8 2 3 5 0 1 10 1 2 6 4 1 2 0 3 
c: 91 91 91 84 81 70 70 73 73 72 68 72 75 78 81 74 77 77 75 76 81 84 88 94 
p: 275 270 273 254 237 213 210 225 232 228 217 228 240 245 256 225 231 232 221 219 226 227 235 253 

--------------------

fig1
g: 3 9 3 9 2 4 13 0 12 3 6 3 3 1 1 1 4 6 2 2 8 2 5 7 
c: 82 79 79 74 73 75 74 70 66 68 69 70 75 76 80 87 91 85 90 96 92 91 90 90 
p: 233 229 233 219 217 224 223 215 202 208 206 208 233 241 256 276 279 256 272 302 283 277 280 277 

--------------------

fig1
g: 8 4 0 15 6 4 3 6 3 4 0 4 2 4 5 2 10 0 22 0 5 4 3 4 
c: 70 71 68 63 63 66 67 61 60 67 71 71 73 73 72 80 76 75 66 69 64 64 68 68 
p: 213 214 195 185 181 194 203 191 188 204 215 214 217 214 220 247 235 225 207 215 200 194 203 199 

--------------------

fig1
g: 0 9 7 9 4 0 3 4 5 0 1 5 5 4 4 2 6 3 0 2 5 4 5 1 
c: 95 96 90 84 88 91 92 92 93 86 90 88 89 93 90 86 88 90 95 97 94 99 96 96 
p: 280 289 262 244 249 265 273 264 275 255 261 255 265 269 269 242 251 258 275 287 265 274 275 281 

--------------------

fig1
g: 4 4 12 4 3 2 18 3 4 8 15 13 14 7 14 2 2 2 2 2 1 1 3 18 
c: 92 94 86 92 93 93 86 86 95 92 84 84 84 72 69 72 72 77 80 83 84 89 95 91 
p: 294 294 267 284 293 287 268 268 289 278 250 248 249 222 209 227 227 242 242 252 256 271 288 278 

--------------------

fig1
g: 1 0 4 1 10 1 7 1 4 4 1 7 23 2 19 7 20 5 1 4 0 2 3 1 
c: 85 84 79 78 75 75 77 83 88 86 91 84 75 82 77 74 68 66 72 77 82 81 85 83 
p: 246 240 234 231 220 226 222 246 269 264 276 252 233 257 239 232 215 200 221 214 230 227 243 241 

--------------------

fig1
g: 2 3 2 2 4 1 8 7 25 2 4 7 2 18 2 3 12 2 3 7 4 5 4 3 
c: 79 77 81 82 83 93 89 86 79 84 87 84 88 81 87 85 76 75 74 68 68 72 73 72 
p: 222 223 237 237 239 266 258 247 230 252 269 262 267 243 257 258 232 227 228 212 214 225 234 228 

--------------------

fig1
g: 1 5 4 4 5 2 2 2 9 8 2 9 2 2 4 4 5 43 2 4 0 0 4 12 
c: 83 77 80 88 80 82 85 90 82 81 85 82 78 74 71 67 68 64 69 68 70 74 81 78 
p: 251 230 239 264 235 242 252 262 234 238 257 244 232 212 199 184 180 163 182 184 195 210 239 232 

--------------------

fig1
g: 6 5 8 5 2 9 11 2 4 7 0 3 1 1 3 4 2 4 3 1 1 6 3 4 
c: 91 94 94 89 84 86 83 85 84 81 86 90 87 84 91 94 93 92 99 94 97 93 97 101 
p: 271 270 263 245 227 239 241 247 244 237 250 258 266 256 268 279 267 259 288 271 281 266 283 299 

--------------------

fig1
g: 0 4 7 2 5 4 3 4 10 31 5 7 2 1 4 2 2 5 4 3 5 3 1 3 
c: 75 82 77 77 77 81 85 85 84 72 81 75 74 79 81 76 78 77 77 79 82 84 89 93 
p: 220 234 222 222 225 229 238 239 245 206 230 232 232 246 254 237 237 230 229 233 240 243 261 273 

--------------------

fig1
g: 0 2 0 4 8 4 5 2 4 2 7 8 4 2 1 8 0 4 4 3 8 9 3 2 
c: 91 88 92 90 93 98 97 96 94 94 92 90 92 91 94 84 87 88 92 85 82 81 81 83 
p: 290 282 285 284 293 309 290 292 284 277 277 268 279 287 281 248 255 249 259 248 238 239 243 247 

--------------------

fig1
g: 10 4 6 5 2 2 3 3 4 3 22 5 3 2 0 1 4 10 3 0 0 0 2 1 
c: 86 89 85 86 92 98 95 95 94 98 87 92 85 86 85 89 93 89 91 94 101 101 103 100 
p: 265 269 261 265 282 302 283 278 279 293 262 270 253 252 255 266 284 265 273 275 305 310 307 296 

--------------------

fig1
g: 8 1 2 7 4 4 3 41 4 2 1 2 3 3 2 5 1 3 2 2 2 4 3 2 
c: 86 88 88 85 87 87 81 77 74 77 80 84 84 84 88 84 86 87 89 85 91 94 91 93 
p: 278 286 297 287 289 284 268 251 239 237 251 257 253 248 267 250 256 263 262 252 262 269 263 267 

--------------------

fig1
g: 9 2 1 14 2 2 5 6 5 12 1 2 0 5 1 2 5 8 3 1 18 8 1 4 
c: 62 66 73 71 75 80 78 76 73 63 66 63 65 65 67 64 63 59 64 69 64 64 63 63 
p: 184 197 221 214 232 247 235 231 235 202 201 187 190 185 186 182 180 173 198 211 198 198 186 189 

--------------------

fig1
g: 3 6 3 2 2 1 9 1 12 1 1 16 29 11 16 7 2 4 2 3 9 6 5 0 
c: 63 60 59 65 68 76 72 77 79 79 85 80 71 65 65 67 66 68 70 67 60 61 59 59 
p: 193 186 183 202 217 236 224 236 247 251 266 246 214 196 191 197 187 194 187 183 164 156 150 155 

--------------------

fig1
g: 2 9 2 2 4 6 1 7 4 9 4 4 17 7 4 3 5 10 7 4 3 2 1 1 
c: 81 79 80 80 80 75 80 74 72 68 71 62 49 52 56 61 56 57 56 54 62 69 74 82 
p: 237 229 232 232 224 206 211 197 189 179 179 174 142 152 169 183 170 180 172 164 193 202 221 241 

--------------------

fig1
g: 1 2 5 4 26 5 1 10 16 4 1 2 4 3 13 0 4 3 3 1 3 4 3 1 
c: 87 86 85 88 79 83 86 80 77 80 80 73 72 75 66 67 65 69 66 71 79 84 89 90 
p: 246 247 255 274 246 255 261 235 216 224 221 207 209 233 198 210 209 218 213 221 243 254 268 271 

--------------------

fig1
g: 4 5 4 2 1 6 2 4 5 7 5 5 4 2 4 7 4 0 0 4 2 3 1 3 
c: 90 88 84 85 82 85 82 80 77 77 74 74 72 78 74 69 71 69 72 75 77 77 84 86 
p: 264 260 259 252 251 246 237 224 230 232 230 225 229 252 249 232 244 230 230 239 242 238 261 258 

--------------------

fig1
g: 2 2 2 7 3 3 5 11 4 1 12 3 2 12 2 11 12 22 7 2 6 5 4 3 
c: 68 78 82 82 85 89 85 79 83 83 75 74 76 72 71 68 59 54 51 53 53 59 62 62 
p: 212 242 252 242 253 253 245 231 249 251 227 228 232 217 207 201 177 162 147 162 161 180 184 178 

--------------------

fig1
g: 3 6 1 1 18 2 5 3 0 4 8 0 8 7 4 4 1 1 4 8 3 1 2 4 
c: 90 88 87 88 86 85 86 86 89 89 82 80 74 72 76 81 83 88 85 83 86 84 86 83 
p: 253 251 256 251 238 237 240 238 245 249 228 225 208 192 209 234 241 261 249 243 253 246 257 244 

--------------------

