fig1
g: 1 11 3 3 4 2 28 4 0 4 27 1 4 2 9 4 4 24 13 7 3 3 2 8 
c: 75 67 73 72 75 81 74 73 67 65 58 59 66 64 62 62 72 62 59 64 68 71 78 75 
p: 231 201 228 233 244 257 238 239 215 199 172 176 194 192 184 184 219 189 183 197 213 218 247 238 

--------------------

fig1
g: 8 2 2 4 5 6 1 5 11 4 3 2 5 5 10 1 4 1 3 14 3 2 5 6 
c: 73 71 70 68 70 69 70 70 69 73 76 73 78 74 70 75 78 77 77 70 73 74 75 79 
p: 233 222 217 209 210 201 206 210 196 219 233 227 240 230 215 231 244 246 243 224 228 237 240 261 

--------------------

fig1
g: 12 32 3 1 0 2 3 5 5 8 5 1 2 2 4 5 5 30 4 9 2 1 12 0 
c: 75 65 65 68 73 79 80 81 84 77 77 78 79 80 84 87 85 81 81 79 78 77 72 76 
p: 222 197 198 211 230 247 253 260 270 248 250 256 247 247 254 265 260 240 239 234 232 226 217 220 

--------------------

fig1
g: 3 4 8 1 1 1 1 0 4 3 6 6 3 6 1 11 8 6 13 4 27 2 4 2 
c: 74 74 68 68 68 67 71 72 77 75 75 72 71 66 68 66 70 70 63 67 63 65 64 71 
p: 213 214 198 201 201 196 211 210 219 213 216 206 208 196 196 191 208 206 183 194 182 182 184 207 

--------------------

fig1
g: 0 1 2 10 3 4 4 8 5 3 0 3 2 10 6 3 3 1 3 2 4 6 3 4 
c: 71 74 78 76 79 82 80 80 80 85 93 81 81 79 77 79 73 75 74 73 80 76 74 71 
p: 205 206 222 215 223 229 214 208 200 208 235 203 212 205 211 218 198 206 203 202 229 216 213 209 

--------------------

fig1
g: 5 9 4 1 10 4 10 5 3 3 5 0 1 1 3 1 11 9 1 8 11 2 2 1 
c: 78 73 73 78 74 83 75 77 77 76 76 83 84 91 91 96 96 89 94 87 85 85 86 87 
p: 230 219 219 236 220 244 220 225 228 238 235 255 256 266 263 271 261 234 251 238 231 232 232 246 

--------------------

fig1
g: 12 18 7 0 9 4 0 0 2 4 10 0 2 2 6 0 24 3 3 1 5 3 4 7 
c: 85 77 75 79 80 82 82 82 86 85 80 78 81 81 81 84 81 83 82 88 86 84 84 81 
p: 237 208 212 220 209 214 220 220 232 234 220 210 222 227 231 245 229 243 243 271 265 263 269 262 

--------------------

fig1
g: 10 7 18 1 15 1 7 0 2 0 4 2 0 5 2 4 6 6 3 10 16 1 6 2 
c: 81 82 74 78 70 71 66 74 80 83 86 83 79 82 89 90 88 89 93 89 83 89 88 87 
p: 250 257 238 246 220 221 207 230 247 255 269 262 245 260 272 274 271 261 273 260 236 256 261 257 

--------------------

fig1
g: 3 3 1 9 3 1 4 4 0 4 5 2 5 5 0 1 2 1 1 8 5 1 4 4 
c: 94 95 95 90 88 94 97 96 98 100 98 97 96 88 89 87 86 90 90 83 83 86 83 89 
p: 283 283 286 269 258 276 284 279 280 289 290 282 280 255 255 256 257 271 271 258 265 281 269 284 

--------------------

fig1
g: 5 19 4 18 7 4 1 0 16 2 5 3 5 5 15 0 2 4 2 4 4 2 1 6 
c: 93 86 82 68 68 68 72 75 74 71 72 73 68 66 63 70 75 80 78 81 80 82 85 89 
p: 285 264 249 208 202 204 216 225 221 202 215 218 210 195 185 210 222 239 227 239 234 237 246 261 

--------------------

fig1
g: 1 7 7 6 2 2 2 0 3 3 2 3 8 2 7 7 3 0 1 2 1 0 2 1 
c: 77 70 73 73 78 87 82 87 86 86 85 82 77 78 72 68 74 73 71 72 71 73 68 75 
p: 241 217 217 216 222 242 222 235 233 233 232 223 213 212 192 182 203 200 201 207 206 215 197 216 

--------------------

fig1
g: 11 4 0 0 2 0 26 14 0 5 4 4 1 1 4 7 11 14 12 0 5 7 1 5 
c: 67 69 75 78 83 86 80 78 79 73 75 71 73 74 76 76 78 74 68 72 74 72 78 73 
p: 211 209 235 240 257 270 251 244 245 230 229 214 216 221 234 227 236 224 202 205 215 202 231 215 

--------------------

fig1
g: 1 5 0 4 4 4 19 2 1 3 1 1 7 5 0 3 21 3 3 5 7 2 1 3 
c: 82 86 84 83 89 91 84 88 93 92 99 90 89 83 85 88 75 77 79 82 81 86 83 83 
p: 241 250 250 254 279 284 259 267 281 278 301 271 262 245 255 258 216 228 238 245 242 257 256 258 

--------------------

fig1
g: 18 6 11 3 12 4 4 1 3 0 1 4 6 10 7 0 2 12 3 2 2 5 14 2 
c: 66 66 59 59 56 56 59 66 60 65 68 70 72 68 71 74 78 74 78 79 84 86 83 78 
p: 183 186 171 178 167 174 179 196 178 190 196 214 216 195 202 210 222 212 218 222 237 245 234 217 

--------------------

fig1
g: 13 4 2 3 0 3 43 48 9 3 8 7 3 6 0 2 11 2 3 3 4 4 2 3 
c: 81 84 83 83 82 82 74 69 63 70 60 60 59 59 63 68 65 73 74 75 72 73 74 75 
p: 233 239 237 243 240 243 218 198 184 203 173 177 173 176 195 212 196 217 213 213 209 219 227 228 

--------------------

fig1
g: 7 18 11 0 7 7 2 28 4 2 3 16 6 4 2 3 3 2 1 2 3 3 3 5 
c: 82 76 76 77 71 70 78 71 77 74 76 71 65 63 71 75 82 84 84 84 79 85 89 85 
p: 267 248 246 245 222 212 232 203 219 207 213 196 176 164 192 208 228 232 236 242 243 258 268 260 

--------------------

