fig1
g: 15 6 4 5 5 5 7 16 5 4 1 3 2 2 1 4 6 7 6 4 6 5 7 1 
c: 63 63 61 59 56 56 57 55 58 62 66 67 71 72 78 82 84 86 83 79 79 78 75 74 
p: 200 196 189 180 175 175 182 171 180 194 196 193 192 202 226 239 251 262 251 239 251 255 242 246 

--------------------

fig1
g: 18 7 0 2 1 6 7 5 3 1 2 2 3 2 1 0 5 4 8 1 4 2 4 2 
c: 59 64 62 64 67 58 56 53 53 51 56 60 64 68 70 77 78 78 77 80 79 80 73 72 
p: 173 187 185 192 201 176 172 165 168 166 182 192 198 212 221 250 255 264 258 271 269 272 249 242 

--------------------

fig1
g: 5 6 7 12 2 5 4 2 0 4 2 5 3 5 5 14 11 1 4 5 3 5 0 4 
c: 85 84 81 79 77 79 77 74 76 78 82 77 78 78 79 70 71 73 71 74 74 77 79 78 
p: 275 276 257 252 247 250 244 232 235 239 257 235 233 225 240 209 206 206 194 205 208 225 225 219 

--------------------

fig1
g: 4 5 3 4 7 3 2 3 1 2 0 1 1 3 1 3 11 3 3 2 6 2 4 5 
c: 86 79 75 72 64 62 66 66 69 70 73 79 80 87 88 93 91 88 88 85 78 78 75 76 
p: 254 235 218 214 197 193 207 208 216 217 220 231 241 273 281 293 281 258 248 232 206 207 204 200 

--------------------

fig1
g: 5 1 2 8 4 1 5 2 4 8 3 3 3 3 4 2 8 8 5 2 1 1 4 5 
c: 76 75 79 75 75 75 79 77 77 73 75 75 76 82 78 83 75 72 67 68 72 75 69 67 
p: 215 221 237 223 234 231 245 247 244 238 243 233 228 253 244 262 243 228 205 207 216 221 199 200 

--------------------

fig1
g: 29 8 5 3 3 5 4 4 2 0 1 1 5 4 5 4 2 8 11 9 8 6 2 11 
c: 60 54 58 59 59 59 62 63 62 70 74 76 79 77 80 83 78 76 71 67 66 66 69 67 
p: 184 168 185 183 178 175 179 184 187 205 216 221 230 224 235 244 232 228 211 204 193 196 207 196 

--------------------

fig1
g: 3 7 10 0 1 5 8 9 5 2 0 3 1 4 3 0 10 9 1 11 19 3 4 2 
c: 66 62 63 64 60 58 56 55 55 54 58 68 72 81 83 87 83 80 80 76 73 73 68 64 
p: 193 182 190 200 181 175 173 174 170 162 180 213 226 259 258 270 250 239 236 216 209 213 199 187 

--------------------

fig1
g: 2 2 5 7 5 1 4 10 2 4 0 2 4 3 2 1 12 6 2 3 0 13 4 3 
c: 66 67 68 59 54 53 54 54 53 56 60 66 67 74 74 78 75 75 75 71 76 69 66 63 
p: 202 207 210 177 160 166 169 175 172 179 190 212 224 238 227 236 217 216 217 208 220 203 189 198 

--------------------

fig1
g: 6 4 7 1 6 15 4 0 1 4 2 1 2 3 2 3 3 2 5 8 8 3 3 1 
c: 77 78 77 78 73 67 58 62 63 67 73 76 82 79 79 82 78 77 76 70 71 73 75 75 
p: 226 234 227 221 206 195 174 185 176 199 207 211 237 228 227 228 218 217 215 198 203 208 213 211 

--------------------

fig1
g: 4 5 6 4 7 7 1 3 2 3 1 1 0 2 3 2 5 6 3 0 4 5 7 4 
c: 75 76 77 75 73 68 68 69 72 73 77 81 88 88 89 86 83 81 73 72 74 71 70 70 
p: 224 230 231 229 217 207 211 213 212 213 226 241 270 272 278 272 260 251 218 220 219 215 212 214 

--------------------

fig1
g: 3 7 4 1 2 2 4 9 1 2 2 3 3 1 3 3 8 1 7 3 0 5 8 2 
c: 70 73 72 69 70 70 68 71 74 74 76 77 81 85 85 83 80 81 79 82 79 80 73 73 
p: 203 217 209 206 207 207 199 209 221 227 237 243 263 266 263 263 248 251 247 258 240 245 223 222 

--------------------

fig1
g: 8 8 7 13 6 7 2 10 0 4 3 1 1 0 0 5 2 4 3 3 28 10 0 20 
c: 85 77 76 64 65 65 69 69 67 68 73 77 81 83 87 87 85 84 87 91 84 78 81 74 
p: 243 218 217 178 181 182 192 200 195 199 213 231 246 255 275 270 267 264 263 283 253 235 240 210 

--------------------

fig1
g: 3 3 2 7 5 1 2 11 4 4 2 3 3 2 5 2 4 0 4 11 6 4 24 7 
c: 56 59 61 57 54 58 61 54 61 61 61 67 71 78 81 85 82 82 82 78 73 71 59 57 
p: 158 173 172 162 155 171 182 156 179 179 177 198 213 237 240 267 264 265 269 256 221 209 179 167 

--------------------

fig1
g: 3 5 2 2 2 7 5 9 5 6 4 3 2 2 8 6 0 1 2 11 2 4 4 10 
c: 72 68 68 68 67 64 64 62 61 59 62 64 68 71 69 73 74 74 73 68 70 72 74 70 
p: 198 190 192 187 182 177 175 169 180 176 184 193 202 207 193 201 200 201 207 186 192 199 204 195 

--------------------

fig1
g: 4 2 4 4 6 1 5 4 4 2 5 0 0 2 3 1 1 4 8 5 4 4 2 1 
c: 68 71 71 72 71 73 72 74 77 81 80 85 86 86 88 89 89 88 85 82 82 74 70 67 
p: 194 202 204 199 201 216 205 214 224 237 230 235 240 242 248 251 251 244 238 225 224 209 192 176 

--------------------

fig1
g: 5 2 3 4 5 4 6 1 5 1 2 2 3 1 7 1 8 6 7 19 9 4 20 16 
c: 60 66 69 73 74 75 73 72 71 73 79 85 85 90 91 91 87 85 81 78 78 71 63 61 
p: 190 207 223 229 230 234 231 231 235 246 267 282 283 296 292 291 278 281 257 244 244 224 210 196 

--------------------

fig1
g: 4 11 9 3 4 11 6 4 3 2 0 3 4 0 1 0 4 5 2 3 6 12 14 6 
c: 67 64 59 61 64 55 56 57 59 63 65 67 69 69 74 77 79 75 76 76 78 70 62 58 
p: 219 206 194 203 214 181 181 184 188 202 205 203 204 205 221 230 239 230 232 228 241 202 179 171 

--------------------

fig1
g: 4 1 9 6 7 14 5 0 4 2 6 4 4 3 0 3 9 5 4 2 3 15 6 4 
c: 79 75 73 68 65 60 58 58 57 64 66 65 66 71 74 78 74 76 75 75 73 72 69 73 
p: 239 221 214 201 197 179 170 170 174 182 191 189 194 208 220 238 229 240 234 227 218 215 206 214 

--------------------

fig1
g: 12 4 11 10 9 2 3 5 3 1 4 4 4 4 1 2 1 8 3 4 6 1 4 2 
c: 59 60 57 55 57 56 55 56 62 67 71 79 66 68 72 76 78 80 81 70 69 68 68 72 
p: 172 174 166 165 169 162 163 165 188 206 214 244 214 214 226 232 236 248 258 214 211 201 199 212 

--------------------

fig1
g: 4 5 4 6 4 11 3 2 2 4 4 1 4 4 1 0 11 16 0 2 3 3 4 5 
c: 66 64 64 60 59 58 62 62 64 70 72 69 71 76 79 81 78 77 78 76 77 77 74 71 
p: 199 195 199 186 179 171 178 177 187 204 214 211 219 244 251 260 246 236 235 227 238 238 224 215 

--------------------

