fig1
g: 24 11 17 9 3 3 10 4 5 8 2 0 0 3 2 1 3 1 12 8 1 9 12 5 
c: 52 51 50 49 46 47 42 48 49 52 53 62 70 68 73 75 75 71 69 68 66 65 62 62 
p: 154 151 147 144 138 153 130 154 160 168 167 195 220 213 222 221 223 206 207 203 201 189 182 180 

--------------------

fig1
g: 18 12 16 6 3 1 4 8 1 1 6 3 8 9 12 4 14 36 8 10 14 10 8 4 
c: 36 35 32 29 31 39 40 42 48 53 52 58 57 52 49 52 47 45 41 38 39 36 36 38 
p: 113 112 101 91 98 121 119 123 141 161 156 173 168 159 152 159 149 141 133 125 119 110 113 114 

--------------------

fig1
g: 4 4 3 6 8 7 1 6 2 0 2 2 5 3 6 7 14 12 5 15 8 24 15 14 
c: 47 42 45 45 41 40 44 41 50 56 63 63 61 62 59 58 56 55 58 55 53 48 48 45 
p: 134 124 128 126 113 112 121 116 142 155 177 182 175 183 171 167 164 162 180 170 158 144 145 139 

--------------------

fig1
g: 37 18 4 13 6 2 11 8 5 2 0 10 2 2 6 4 8 4 0 1 8 0 18 23 
c: 53 51 55 48 49 54 52 50 47 52 57 60 65 72 71 77 76 76 76 73 66 68 64 61 
p: 157 153 159 138 146 147 146 138 130 137 160 170 187 212 216 224 223 229 235 226 208 210 198 188 

--------------------

fig1
g: 1 6 8 1 12 4 13 0 4 4 0 6 4 10 7 17 11 11 8 16 19 9 9 3 
c: 42 41 39 48 47 47 46 46 46 52 55 54 64 61 62 57 52 46 44 42 36 36 33 32 
p: 131 131 123 151 147 139 133 130 134 154 170 166 189 170 182 167 146 136 133 121 109 104 99 93 

--------------------

fig1
g: 4 2 4 9 14 31 21 4 2 10 8 3 7 9 1 5 0 8 2 10 5 2 1 4 
c: 56 57 58 55 51 46 43 41 43 43 41 46 47 46 53 48 51 51 54 55 54 53 45 41 
p: 169 167 174 164 154 136 131 129 132 130 123 138 142 144 171 160 165 153 162 160 160 157 131 124 

--------------------

fig1
g: 1 4 2 7 10 7 9 4 1 2 0 2 2 5 1 10 8 5 12 18 6 8 20 17 
c: 37 38 40 37 33 30 28 39 40 45 53 51 53 54 62 59 62 61 57 52 53 53 48 40 
p: 106 109 112 112 100 92 89 114 111 127 150 147 152 155 181 170 178 175 162 148 151 153 140 112 

--------------------

fig1
g: 6 15 9 3 3 2 2 9 0 0 4 7 3 4 22 16 26 5 12 3 3 7 3 6 
c: 44 42 36 34 33 41 41 43 51 61 61 60 67 74 66 63 61 60 55 56 57 48 50 45 
p: 151 140 119 113 108 137 137 144 170 200 204 202 228 249 217 216 206 195 177 178 178 147 143 131 

--------------------

fig1
g: 6 24 16 5 4 3 14 3 1 5 20 7 10 24 7 2 11 3 9 1 8 2 1 11 
c: 55 50 50 54 49 50 46 49 55 54 52 53 53 45 47 51 48 56 54 61 60 60 61 59 
p: 156 139 136 145 129 138 129 133 161 160 150 152 155 129 142 157 141 168 164 186 188 187 191 186 

--------------------

fig1
g: 0 12 7 8 10 9 4 21 16 3 4 4 8 7 5 19 7 12 11 9 3 18 4 26 
c: 51 46 49 49 48 46 55 47 43 49 52 59 55 53 52 49 47 43 41 44 48 43 51 47 
p: 145 127 142 143 145 144 164 141 131 143 149 169 158 152 150 139 132 122 116 124 143 133 164 151 

--------------------

fig1
g: 11 3 4 3 19 13 12 11 11 4 6 0 0 2 4 4 11 22 5 20 36 7 2 15 
c: 40 38 37 36 33 31 29 24 23 24 27 36 45 45 49 54 57 55 55 49 43 43 42 38 
p: 116 113 114 113 104 93 92 76 71 74 81 105 135 137 144 159 171 167 175 150 131 132 127 115 

--------------------

fig1
g: 17 21 8 13 3 19 9 12 3 9 2 9 3 3 4 0 4 8 0 1 4 27 0 4 
c: 55 50 48 42 47 42 42 39 44 43 50 49 51 60 69 68 68 68 69 76 75 68 70 69 
p: 147 136 138 123 133 119 129 122 133 129 157 159 163 188 219 220 219 208 220 241 244 222 235 224 

--------------------

fig1
g: 8 6 4 1 13 12 2 7 4 7 3 5 2 1 4 1 3 5 10 32 3 20 17 8 
c: 46 48 48 53 51 47 46 40 36 38 46 44 50 57 60 64 64 63 60 53 59 53 47 47 
p: 133 126 129 156 153 137 132 122 109 122 148 145 157 171 179 186 188 185 165 147 158 140 127 128 

--------------------

fig1
g: 0 15 11 12 6 11 11 3 7 2 1 5 4 5 12 2 4 8 5 19 16 7 9 18 
c: 40 35 34 34 31 29 29 37 40 47 48 50 56 57 53 59 57 54 54 52 47 45 41 37 
p: 120 100 96 97 91 86 86 113 122 147 151 155 164 170 162 172 169 158 160 154 141 132 119 108 

--------------------

fig1
g: 8 4 22 17 15 20 4 4 6 4 0 0 3 1 3 2 10 7 17 1 6 18 29 8 
c: 46 45 41 40 37 35 34 32 29 37 46 50 55 57 63 68 65 64 60 67 61 57 55 52 
p: 138 134 122 122 110 100 94 84 76 94 115 135 153 161 173 187 180 177 162 181 166 153 144 143 

--------------------

fig1
g: 6 2 7 20 10 12 11 4 1 4 18 5 3 12 4 0 6 4 2 1 2 4 2 4 
c: 58 60 55 51 48 44 40 40 47 57 50 57 67 56 63 64 60 60 62 62 62 66 63 62 
p: 176 182 172 160 150 137 126 124 136 169 143 155 183 157 179 180 171 169 182 186 187 204 202 199 

--------------------

fig1
g: 6 9 3 2 3 30 8 2 27 4 24 4 31 8 2 5 3 3 2 3 5 2 8 6 
c: 69 65 64 66 75 67 67 69 62 66 57 53 46 48 51 53 57 56 57 59 60 68 66 67 
p: 196 184 183 192 213 185 183 192 172 194 164 154 136 138 152 155 168 168 167 178 185 202 198 196 

--------------------

fig1
g: 3 10 10 7 7 7 5 1 0 4 3 4 1 3 3 3 14 11 17 14 20 7 7 2 
c: 47 42 37 38 40 40 41 44 54 58 67 71 75 73 73 82 76 75 71 65 55 54 53 52 
p: 133 120 100 102 102 102 105 111 135 149 178 189 206 198 198 218 199 191 177 164 140 137 127 127 

--------------------

fig1
g: 11 24 8 24 15 8 17 25 7 3 1 5 2 0 2 2 4 7 9 7 6 0 23 6 
c: 43 36 39 37 34 34 27 24 28 39 41 42 50 52 54 59 54 54 54 50 50 48 42 47 
p: 126 109 128 119 110 108 82 75 87 118 126 130 147 150 152 172 154 157 159 152 151 145 128 141 

--------------------

fig1
g: 4 6 7 6 6 21 5 11 0 3 2 3 5 10 11 7 10 6 1 4 24 2 5 5 
c: 40 42 42 44 44 42 40 38 43 48 54 64 62 60 61 58 54 58 64 64 59 59 61 60 
p: 119 126 127 131 131 126 115 116 130 143 162 188 180 170 176 162 150 166 191 194 184 192 205 205 

--------------------

