fig1
g: 12 29 15 11 9 19 2 5 3 1 5 4 4 3 0 2 5 7 2 4 2 1 12 10 
c: 65 62 63 63 56 52 49 52 59 62 63 61 62 68 73 71 72 69 72 71 71 75 70 66 
p: 207 194 195 196 174 159 152 160 178 191 195 189 189 213 225 227 235 227 232 234 237 246 232 225 

--------------------

fig1
g: 4 4 8 34 24 13 3 8 3 0 3 3 3 2 3 3 15 7 3 5 9 11 4 5 
c: 58 58 53 49 46 49 53 52 56 56 62 69 72 72 79 75 72 69 70 71 69 63 65 63 
p: 174 169 153 139 124 128 138 133 148 150 173 193 208 207 243 228 220 212 223 220 209 196 204 200 

--------------------

fig1
g: 5 10 8 17 13 13 6 22 0 3 1 2 4 2 1 0 2 4 10 16 14 15 6 3 
c: 60 55 53 50 44 39 40 35 41 49 55 56 57 64 69 74 74 71 72 70 66 63 58 61 
p: 195 180 178 167 143 128 121 102 115 143 161 162 164 187 201 220 217 209 215 206 189 185 171 173 

--------------------

fig1
g: 3 8 10 6 9 7 4 6 5 0 2 3 0 5 4 4 7 5 18 20 9 8 13 8 
c: 52 46 45 45 40 39 41 42 41 46 53 60 64 69 71 71 72 73 69 65 60 57 56 54 
p: 153 143 135 136 114 107 119 116 115 130 152 178 190 205 214 214 217 215 203 190 169 158 163 163 

--------------------

fig1
g: 4 8 7 0 9 3 9 18 4 0 0 4 0 3 1 4 12 3 17 7 3 9 10 3 
c: 50 52 48 51 53 53 51 49 50 54 64 67 73 75 79 84 76 77 71 71 73 68 66 60 
p: 154 163 147 160 169 163 149 143 144 155 185 189 210 213 226 239 212 213 192 192 198 189 185 173 

--------------------

fig1
g: 2 7 6 10 27 24 8 2 4 3 3 7 2 4 1 3 2 1 9 6 3 5 3 29 
c: 60 52 54 52 45 43 37 40 46 48 52 52 57 66 68 71 71 73 69 64 64 59 61 57 
p: 177 157 156 150 127 114 98 107 129 128 143 152 172 194 201 213 212 216 209 191 193 190 198 184 

--------------------

fig1
g: 9 9 3 17 2 1 15 5 0 2 3 3 4 0 7 2 5 5 1 5 6 17 4 3 
c: 47 47 48 42 42 44 40 38 44 46 51 50 54 63 62 65 64 60 60 60 58 51 52 51 
p: 144 144 148 127 122 126 115 110 125 127 138 138 149 170 167 177 170 160 161 165 161 147 149 148 

--------------------

fig1
g: 5 4 4 3 7 2 7 6 10 6 9 2 3 2 4 11 3 28 5 7 4 18 21 18 
c: 47 50 52 46 45 46 44 45 44 47 45 53 60 63 67 65 68 64 60 61 61 54 45 46 
p: 155 159 164 148 142 147 137 146 140 151 144 162 188 192 199 186 193 178 175 177 179 158 136 138 

--------------------

fig1
g: 7 7 7 12 14 4 13 15 6 4 10 9 0 3 3 13 2 5 19 10 8 15 4 6 
c: 63 63 57 54 51 54 50 44 49 51 52 49 50 57 59 56 60 60 57 56 54 51 51 51 
p: 182 182 162 152 144 154 143 130 141 144 155 149 160 188 188 178 187 185 169 160 148 140 139 141 

--------------------

fig1
g: 12 3 1 29 7 8 5 4 3 3 1 7 3 2 8 4 5 3 15 10 7 6 10 5 
c: 49 48 50 48 48 46 49 48 54 55 60 64 69 73 72 74 76 73 64 62 64 56 49 44 
p: 127 133 136 129 132 123 135 134 153 158 171 187 198 197 193 199 205 198 175 170 177 156 145 130 

--------------------

fig1
g: 6 5 13 14 11 5 0 5 1 0 4 3 1 1 8 4 10 7 7 5 7 18 10 54 
c: 57 57 50 47 49 51 48 47 51 57 65 69 76 79 78 75 69 69 66 67 63 62 61 59 
p: 161 160 143 134 136 140 125 130 151 175 189 203 221 231 233 234 220 217 212 205 192 178 180 169 

--------------------

fig1
g: 1 14 10 11 11 6 2 7 4 5 0 2 3 4 1 2 4 11 11 4 14 9 14 10 
c: 49 45 41 40 38 40 42 42 43 44 49 52 61 62 66 74 78 76 69 67 61 60 52 50 
p: 161 139 125 121 111 116 122 122 124 120 130 132 163 169 186 207 219 206 186 179 164 174 154 150 

--------------------

fig1
g: 6 3 16 8 13 8 0 2 4 0 2 1 1 9 0 1 5 7 1 6 4 24 14 12 
c: 70 68 59 59 54 53 51 53 60 65 70 73 81 81 83 88 82 80 78 75 71 66 60 63 
p: 221 218 191 193 178 168 165 167 184 195 207 221 241 249 250 266 245 237 236 226 209 189 169 177 

--------------------

fig1
g: 4 6 12 12 5 8 5 14 8 3 21 7 2 4 2 5 1 1 13 22 3 5 4 6 
c: 66 63 57 54 54 54 55 51 48 57 53 52 58 66 64 63 70 75 66 59 62 64 64 65 
p: 184 171 157 147 155 158 160 144 138 168 156 162 172 199 192 190 211 226 198 182 193 200 199 206 

--------------------

fig1
g: 10 7 4 7 6 5 10 2 0 0 2 4 4 3 0 6 14 8 9 31 17 15 6 9 
c: 51 45 40 37 39 40 38 39 42 48 53 60 67 75 79 82 76 80 78 73 67 61 59 58 
p: 150 137 119 112 121 120 115 117 125 140 147 164 184 208 220 236 214 218 224 206 187 175 171 159 

--------------------

fig1
g: 28 5 1 7 5 14 18 13 3 0 0 1 6 3 4 0 3 4 8 27 13 4 15 6 
c: 48 52 49 46 46 44 44 40 44 47 53 58 56 57 64 72 70 74 74 68 68 68 67 63 
p: 138 155 146 137 140 134 133 118 128 145 165 186 181 183 204 230 228 244 238 222 223 234 225 206 

--------------------

fig1
g: 6 9 8 5 11 4 6 4 4 1 1 3 1 2 4 5 1 8 5 2 10 8 9 5 
c: 53 49 50 49 48 48 44 45 51 53 59 62 66 70 77 79 81 74 72 73 69 66 63 54 
p: 166 159 163 160 156 149 136 139 154 161 181 188 206 212 229 240 251 228 230 232 215 198 189 165 

--------------------

fig1
g: 2 4 20 8 13 4 5 11 4 0 2 1 4 6 5 0 10 5 11 16 9 14 11 4 
c: 50 52 52 49 48 48 46 43 46 53 55 60 63 63 69 73 77 78 73 68 64 62 62 62 
p: 152 159 155 148 138 129 130 126 129 155 157 181 194 191 220 225 235 245 231 211 199 194 196 194 

--------------------

fig1
g: 15 17 11 12 28 13 4 4 7 1 3 3 2 1 5 1 15 4 3 5 4 4 3 50 
c: 60 58 58 58 53 47 47 47 50 53 53 59 64 68 67 72 69 73 76 77 74 77 79 74 
p: 185 182 186 182 163 138 139 139 157 166 163 183 207 216 210 226 210 224 228 230 224 229 238 220 

--------------------

fig1
g: 22 7 10 4 8 2 3 4 3 2 1 3 5 2 2 3 5 7 5 3 8 9 4 2 
c: 59 60 55 52 48 47 52 52 58 58 54 62 58 65 70 65 64 67 71 71 70 64 62 64 
p: 182 182 165 154 143 132 153 149 168 172 161 193 175 192 207 198 205 217 230 233 233 214 199 207 

--------------------

