fig1
g: 3 1 0 4 2 3 5 7 1 1 3 2 0 1 1 4 3 13 7 6 4 0 2 2 
c: 53 51 50 49 52 53 50 42 46 51 53 57 60 61 66 64 68 63 62 61 59 60 57 57 
p: 53 51 50 49 52 53 50 42 46 51 53 57 60 61 66 64 68 63 62 61 59 60 57 57 

--------------------

fig1
g: 0 2 6 4 2 3 4 7 3 1 2 2 4 3 6 2 4 3 2 0 1 0 0 1 
c: 60 57 56 54 57 58 64 57 63 66 67 62 59 63 56 57 59 58 62 60 61 60 65 61 
p: 60 57 56 54 57 58 64 57 63 66 67 62 59 63 56 57 59 58 62 60 61 60 65 61 

--------------------

fig1
g: 2 2 0 2 2 4 2 3 2 1 2 1 6 2 4 5 2 0 5 5 0 2 7 3 
c: 67 67 70 67 72 74 77 73 72 76 82 76 71 77 74 75 77 80 75 70 70 72 67 63 
p: 67 67 70 67 72 74 77 73 72 76 82 76 71 77 74 75 77 80 75 70 70 72 67 63 

--------------------

fig1
g: 3 1 2 0 0 2 3 3 3 4 7 6 2 3 0 4 0 4 2 0 3 2 0 3 
c: 48 56 57 55 60 62 63 63 63 64 57 51 47 48 50 49 45 44 47 50 48 47 50 48 
p: 48 56 57 55 60 62 63 63 63 64 57 51 47 48 50 49 45 44 47 50 48 47 50 48 

--------------------

fig1
g: 3 2 4 3 0 1 2 4 6 1 4 5 4 2 2 4 1 0 2 1 4 6 0 4 
c: 63 57 59 63 65 61 67 74 61 61 59 55 54 52 52 49 51 55 52 56 54 51 55 54 
p: 63 57 59 63 65 61 67 74 61 61 59 55 54 52 52 49 51 55 52 56 54 51 55 54 

--------------------

fig1
g: 0 3 5 2 2 0 0 0 3 4 2 2 3 6 1 4 2 3 0 2 1 3 2 5 
c: 75 78 70 67 67 70 70 70 68 69 72 77 83 76 76 79 77 78 80 82 81 83 82 80 
p: 75 78 70 67 67 70 70 70 68 69 72 77 83 76 76 79 77 78 80 82 81 83 82 80 

--------------------

fig1
g: 3 6 6 3 0 2 3 4 1 4 3 2 0 1 2 3 2 3 2 2 2 0 6 3 
c: 73 71 66 63 60 62 63 59 61 59 63 62 60 61 67 63 67 58 62 62 67 70 66 68 
p: 73 71 66 63 60 62 63 59 61 59 63 62 60 61 67 63 67 58 62 62 67 70 66 68 

--------------------

fig1
g: 0 2 1 3 5 1 1 0 0 0 2 0 0 0 3 1 1 4 3 0 4 7 1 2 
c: 55 57 61 63 60 61 66 70 75 80 82 85 85 85 83 81 76 74 73 70 64 57 61 62 
p: 55 57 61 63 60 61 66 70 75 80 82 85 85 85 83 81 76 74 73 70 64 57 61 62 

--------------------

fig1
g: 3 5 1 0 0 4 7 2 2 2 1 2 2 4 8 0 1 0 3 2 4 6 1 2 
c: 53 50 51 50 50 54 47 52 52 52 56 57 52 59 48 55 51 50 53 57 54 51 51 52 
p: 53 50 51 50 50 54 47 52 52 52 56 57 52 59 48 55 51 50 53 57 54 51 51 52 

--------------------

fig1
g: 3 0 4 0 0 3 2 3 4 4 3 1 1 4 1 2 2 0 3 7 1 2 0 3 
c: 63 60 59 60 55 58 57 58 59 59 63 66 66 69 71 72 72 70 73 67 66 67 70 68 
p: 63 60 59 60 55 58 57 58 59 59 63 66 66 69 71 72 72 70 73 67 66 67 70 68 

--------------------

fig1
g: 2 4 2 4 4 0 1 4 2 0 2 7 2 4 0 2 3 3 3 3 3 3 3 3 
c: 52 59 62 59 64 60 61 64 62 60 57 52 52 49 50 52 53 58 58 58 58 58 58 58 
p: 52 59 62 59 64 60 61 64 62 60 57 52 52 49 50 52 53 58 58 58 58 58 58 58 

--------------------

fig1
g: 1 1 4 0 0 3 1 0 2 2 4 4 0 2 4 3 1 1 4 1 1 1 5 1 
c: 56 56 54 55 55 53 56 55 57 57 59 59 55 52 54 53 56 56 59 51 51 56 55 51 
p: 56 56 54 55 55 53 56 55 57 57 59 59 55 52 54 53 56 56 59 51 51 56 55 51 

--------------------

fig1
g: 0 2 0 0 0 2 2 1 4 1 0 4 1 1 4 2 0 3 1 0 4 1 3 2 
c: 65 67 70 75 80 82 82 86 89 86 85 84 86 76 69 62 65 58 61 60 59 51 58 62 
p: 65 67 70 75 80 82 82 86 89 86 85 84 86 76 69 62 65 58 61 60 59 51 58 62 

--------------------

fig1
g: 2 1 1 2 4 5 3 4 3 1 0 10 3 1 0 3 0 3 0 1 1 0 4 1 
c: 62 66 66 67 69 65 68 69 68 66 70 65 68 66 65 63 65 63 65 61 61 65 69 61 
p: 62 66 66 67 69 65 68 69 68 66 70 65 68 66 65 63 65 63 65 61 61 65 69 61 

--------------------

fig1
g: 4 1 4 0 2 2 4 5 1 3 4 4 4 2 4 1 1 3 2 1 2 6 2 2 
c: 74 76 79 80 82 82 79 75 76 73 69 64 64 67 64 61 56 58 62 61 67 66 67 67 
p: 74 76 79 80 82 82 79 75 76 73 69 64 64 67 64 61 56 58 62 61 67 66 67 67 

--------------------

fig1
g: 1 0 1 0 3 0 4 3 4 1 0 2 1 3 5 3 4 2 3 0 3 2 0 2 
c: 46 50 51 50 48 50 49 53 54 61 60 57 61 63 60 58 59 52 48 45 48 47 55 52 
p: 46 50 51 50 48 50 49 53 54 61 60 57 61 63 60 58 59 52 48 45 48 47 55 52 

--------------------

fig1
g: 4 5 3 0 1 2 1 4 1 3 3 1 4 2 5 1 3 4 1 2 2 1 1 4 
c: 79 75 78 80 81 72 71 74 76 73 73 76 69 67 60 66 63 64 66 67 67 71 66 64 
p: 79 75 78 80 81 72 71 74 76 73 73 76 69 67 60 66 63 64 66 67 67 71 66 64 

--------------------

fig1
g: 4 2 0 1 1 3 3 3 4 4 3 3 4 2 3 1 2 1 3 2 0 1 2 2 
c: 69 67 65 66 66 63 68 68 69 69 68 68 64 67 68 71 62 66 68 67 70 66 62 57 
p: 69 67 65 66 66 63 68 68 69 69 68 68 64 67 68 71 62 66 68 67 70 66 62 57 

--------------------

fig1
g: 0 0 3 1 2 1 1 0 3 2 4 2 1 3 5 1 4 2 3 0 9 3 3 0 
c: 70 70 63 61 62 61 61 60 58 62 59 62 61 63 60 66 69 67 68 70 59 63 63 65 
p: 70 70 63 61 62 61 61 60 58 62 59 62 61 63 60 66 69 67 68 70 59 63 63 65 

--------------------

fig1
g: 0 4 4 2 2 4 3 2 1 3 2 7 1 1 4 1 2 3 4 2 5 2 0 5 
c: 55 49 44 47 47 49 48 52 61 58 62 57 61 56 59 56 57 53 49 52 50 47 50 45 
p: 55 49 44 47 47 49 48 52 61 58 62 57 61 56 59 56 57 53 49 52 50 47 50 45 

--------------------

