fig1
g: 0 4 4 4 1 1 4 0 4 4 4 1 2 2 4 1 1 2 0 4 2 1 3 4 
c: 65 74 69 64 66 71 74 75 69 69 69 66 67 62 64 66 71 67 70 69 72 66 68 69 
p: 65 74 69 64 66 71 74 75 69 69 69 66 67 62 64 66 71 67 70 69 72 66 68 69 

--------------------

fig1
g: 4 3 1 1 2 1 3 4 4 4 1 2 0 0 1 0 3 7 2 4 4 5 2 1 
c: 64 68 71 66 67 71 73 69 69 64 61 62 65 65 71 75 78 72 72 69 74 70 67 71 
p: 64 68 71 66 67 71 73 69 69 64 61 62 65 65 71 75 78 72 72 69 74 70 67 71 

--------------------

fig1
g: 5 1 1 4 3 3 0 0 0 1 1 4 1 4 3 1 0 2 3 3 0 0 0 4 
c: 70 71 71 74 73 78 75 70 70 76 76 79 81 84 88 81 80 82 73 73 75 75 75 74 
p: 70 71 71 74 73 78 75 70 70 76 76 79 81 84 88 81 80 82 73 73 75 75 75 74 

--------------------

fig1
g: 7 1 3 0 6 2 1 1 3 2 6 0 9 8 2 2 1 4 3 1 3 3 3 2 
c: 62 61 63 60 56 52 51 56 53 57 51 55 49 43 47 52 56 59 58 66 73 78 78 72 
p: 62 61 63 60 56 52 51 56 53 57 51 55 49 43 47 52 56 59 58 66 73 78 78 72 

--------------------

fig1
g: 3 5 2 1 2 4 2 0 1 4 10 1 1 3 0 3 1 2 3 2 1 1 2 3 
c: 58 55 57 56 62 64 67 70 66 69 60 66 66 63 70 73 76 82 78 82 81 81 82 73 
p: 58 55 57 56 62 64 67 70 66 69 60 66 66 63 70 73 76 82 78 82 81 81 82 73 

--------------------

fig1
g: 2 5 0 0 2 4 5 1 1 1 6 2 2 1 4 0 3 1 2 2 4 2 6 2 
c: 52 50 50 55 57 59 55 61 66 61 56 57 57 56 54 60 58 56 57 57 59 57 56 52 
p: 52 50 50 55 57 59 55 61 66 61 56 57 57 56 54 60 58 56 57 57 59 57 56 52 

--------------------

fig1
g: 3 1 1 4 6 7 2 3 1 3 5 2 3 3 4 3 4 3 3 0 1 4 2 1 
c: 78 71 71 69 61 57 62 68 66 63 60 62 63 63 69 73 74 73 78 80 81 84 82 76 
p: 78 71 71 69 61 57 62 68 66 63 60 62 63 63 69 73 74 73 78 80 81 84 82 76 

--------------------

fig1
g: 3 4 1 0 0 4 0 4 4 4 0 1 1 3 0 2 4 3 3 3 0 3 1 0 
c: 63 64 56 55 60 64 65 59 59 59 65 66 66 63 70 72 69 73 68 68 70 73 66 70 
p: 63 64 56 55 60 64 65 59 59 59 65 66 66 63 70 72 69 73 68 68 70 73 66 70 

--------------------

fig1
g: 4 1 4 6 1 1 7 9 0 4 1 3 0 4 2 2 2 0 0 0 4 2 3 2 
c: 64 66 64 56 51 51 47 44 45 49 51 48 55 54 62 67 67 65 60 65 64 67 73 67 
p: 64 66 64 56 51 51 47 44 45 49 51 48 55 54 62 67 67 65 60 65 64 67 73 67 

--------------------

fig1
g: 4 3 6 1 0 1 4 4 0 0 0 3 3 7 4 3 0 0 0 0 3 2 0 3 
c: 59 53 51 46 45 46 49 49 50 55 55 63 63 57 59 58 60 65 70 70 68 72 70 68 
p: 59 53 51 46 45 46 49 49 50 55 55 63 63 57 59 58 60 65 70 70 68 72 70 68 

--------------------

fig1
g: 1 0 4 1 2 4 7 0 5 2 4 4 3 0 1 4 4 7 0 3 4 4 0 4 
c: 51 55 59 61 62 69 62 60 55 57 54 49 48 45 51 54 49 47 45 43 44 49 50 54 
p: 51 55 59 61 62 69 62 60 55 57 54 49 48 45 51 54 49 47 45 43 44 49 50 54 

--------------------

fig1
g: 6 5 4 3 1 1 2 0 1 3 6 2 3 4 3 3 3 5 1 3 1 4 6 1 
c: 61 60 59 53 56 61 62 65 66 68 66 67 63 69 68 63 63 60 61 68 66 69 61 61 
p: 61 60 59 53 56 61 62 65 66 68 66 67 63 69 68 63 63 60 61 68 66 69 61 61 

--------------------

fig1
g: 11 6 4 4 2 3 0 1 5 5 2 4 2 3 4 2 1 2 1 3 0 12 0 0 
c: 61 61 64 64 57 63 60 61 55 50 47 54 57 58 64 62 61 62 61 68 75 67 70 70 
p: 61 61 64 64 57 63 60 61 55 50 47 54 57 58 64 62 61 62 61 68 75 67 70 70 

--------------------

fig1
g: 1 3 0 4 5 2 1 3 0 4 3 7 8 2 0 2 3 0 3 3 8 3 3 2 
c: 56 53 50 54 50 52 51 58 60 59 58 57 53 57 55 62 58 65 68 73 68 68 63 62 
p: 56 53 50 54 50 52 51 58 60 59 58 57 53 57 55 62 58 65 68 73 68 68 63 62 

--------------------

fig1
g: 3 2 1 3 1 0 2 2 2 2 3 2 5 1 3 1 2 6 4 4 3 3 3 2 
c: 58 62 66 68 76 75 77 82 82 77 78 77 75 71 68 66 67 61 64 69 68 68 68 67 
p: 58 62 66 68 76 75 77 82 82 77 78 77 75 71 68 66 67 61 64 69 68 68 68 67 

--------------------

fig1
g: 4 0 2 0 3 4 1 4 3 4 1 2 1 2 0 4 1 2 3 0 3 2 4 7 
c: 74 75 77 80 83 79 86 79 78 79 71 62 61 62 60 59 56 52 53 60 68 72 74 72 
p: 74 75 77 80 83 79 86 79 78 79 71 62 61 62 60 59 56 52 53 60 68 72 74 72 

--------------------

fig1
g: 3 2 3 1 1 1 3 4 3 0 4 0 8 2 10 5 4 5 0 4 3 4 4 2 
c: 73 72 73 76 76 76 73 74 73 75 79 80 73 77 70 70 69 65 60 59 63 59 64 67 
p: 73 72 73 76 76 76 73 74 73 75 79 80 73 77 70 70 69 65 60 59 63 59 64 67 

--------------------

fig1
g: 2 3 4 3 2 1 0 4 3 5 4 0 2 4 5 0 3 3 1 3 5 3 4 0 
c: 62 68 74 73 77 76 80 84 83 80 79 80 82 79 75 80 78 78 76 73 65 63 64 65 
p: 62 68 74 73 77 76 80 84 83 80 79 80 82 79 75 80 78 78 76 73 65 63 64 65 

--------------------

fig1
g: 5 0 1 1 3 2 4 4 2 5 2 4 0 6 4 3 1 1 2 0 2 7 3 4 
c: 60 65 61 56 58 62 64 64 62 60 62 59 65 61 54 58 56 61 62 65 62 57 58 64 
p: 60 65 61 56 58 62 64 64 62 60 62 59 65 61 54 58 56 61 62 65 62 57 58 64 

--------------------

fig1
g: 2 1 2 3 1 1 3 4 3 2 2 2 2 2 3 4 3 4 5 6 4 2 3 3 
c: 67 61 57 58 61 66 63 64 63 67 72 67 67 67 63 64 68 74 70 66 59 57 63 63 
p: 67 61 57 58 61 66 63 64 63 67 72 67 67 67 63 64 68 74 70 66 59 57 63 63 

--------------------

