fig1
g: 3 2 1 3 3 4 3 4 0 1 3 3 2 2 2 0 3 0 4 4 3 1 2 3 
c: 58 57 56 58 58 64 68 69 70 71 68 68 67 62 67 65 68 75 69 64 58 56 52 48 
p: 58 57 56 58 58 64 68 69 70 71 68 68 67 62 67 65 68 75 69 64 58 56 52 48 

--------------------

fig1
g: 4 7 5 2 1 2 4 3 6 7 6 3 1 1 0 3 3 3 6 3 4 3 3 3 
c: 64 57 60 62 61 62 64 63 61 57 56 58 61 66 65 63 63 63 61 63 64 63 63 58 
p: 64 57 60 62 61 62 64 63 61 57 56 58 61 66 65 63 63 63 61 63 64 63 63 58 

--------------------

fig1
g: 3 3 0 1 0 4 4 2 2 4 4 6 3 4 4 1 2 2 3 0 1 1 0 0 
c: 63 63 60 56 60 64 69 67 67 69 69 66 63 64 59 61 62 62 63 65 66 61 60 65 
p: 63 63 60 56 60 64 69 67 67 69 69 66 63 64 59 61 62 62 63 65 66 61 60 65 

--------------------

fig1
g: 0 1 1 2 1 1 4 1 1 5 3 2 4 2 4 2 4 2 6 7 2 0 4 2 
c: 70 66 66 67 71 66 69 66 66 65 68 67 69 72 79 72 74 72 66 57 62 65 64 67 
p: 70 66 66 67 71 66 69 66 66 65 68 67 69 72 79 72 74 72 66 57 62 65 64 67 

--------------------

fig1
g: 3 0 0 2 1 1 2 2 2 4 4 0 2 1 4 4 1 4 4 0 0 4 2 4 
c: 63 65 65 67 66 66 62 67 67 64 64 65 62 66 64 59 56 54 59 60 65 64 62 59 
p: 63 65 65 67 66 66 62 67 67 64 64 65 62 66 64 59 56 54 59 60 65 64 62 59 

--------------------

fig1
g: 1 1 4 0 0 3 3 3 4 5 8 4 2 0 1 2 0 4 1 4 3 2 2 4 
c: 61 66 69 65 70 73 73 73 74 65 58 59 57 55 51 52 60 59 56 59 58 62 62 64 
p: 61 66 69 65 70 73 73 73 74 65 58 59 57 55 51 52 60 59 56 59 58 62 62 64 

--------------------

fig1
g: 3 2 3 2 1 4 6 1 2 3 6 2 4 4 4 0 3 3 3 0 1 1 4 2 
c: 63 63 63 67 71 69 66 71 77 78 71 72 69 69 64 65 63 63 63 65 66 61 64 57 
p: 63 63 63 67 71 69 66 71 77 78 71 72 69 69 64 65 63 63 63 65 66 61 64 57 

--------------------

fig1
g: 3 0 2 0 4 3 1 4 5 2 3 2 4 4 1 0 0 0 2 1 0 1 1 0 
c: 73 80 82 85 84 83 81 74 70 67 68 67 64 64 66 65 65 65 67 71 70 71 71 70 
p: 73 80 82 85 84 83 81 74 70 67 68 67 64 64 66 65 65 65 67 71 70 71 71 70 

--------------------

fig1
g: 1 2 3 0 3 1 0 4 3 0 4 0 2 4 3 1 4 4 0 3 1 2 0 4 
c: 61 62 63 65 63 56 55 54 53 55 54 55 57 64 68 66 69 69 65 63 61 62 65 69 
p: 61 62 63 65 63 56 55 54 53 55 54 55 57 64 68 66 69 69 65 63 61 62 65 69 

--------------------

fig1
g: 3 1 0 3 2 2 1 4 2 1 4 3 3 1 3 4 3 2 0 3 1 6 2 3 
c: 63 61 65 63 62 67 66 64 67 66 64 63 68 66 68 64 63 67 70 73 76 71 67 58 
p: 63 61 65 63 62 67 66 64 67 66 64 63 68 66 68 64 63 67 70 73 76 71 67 58 

--------------------

fig1
g: 2 0 4 0 1 0 5 3 4 0 3 4 0 0 1 0 3 1 3 4 1 1 3 2 
c: 67 65 69 70 71 75 70 68 69 65 63 64 65 65 66 70 68 66 63 64 66 66 68 67 
p: 67 65 69 70 71 75 70 68 69 65 63 64 65 65 66 70 68 66 63 64 66 66 68 67 

--------------------

fig1
g: 2 2 0 2 5 3 1 0 2 3 4 2 4 0 4 1 4 2 2 1 3 2 2 4 
c: 67 67 70 67 65 58 56 55 52 48 49 47 44 50 54 56 54 57 62 61 63 67 67 74 
p: 67 67 70 67 65 58 56 55 52 48 49 47 44 50 54 56 54 57 62 61 63 67 67 74 

--------------------

fig1
g: 4 2 2 1 0 1 3 4 2 4 1 5 0 0 4 2 4 4 1 3 0 1 3 3 
c: 69 72 72 71 65 71 68 74 72 74 76 75 70 70 74 72 74 74 71 73 75 71 68 68 
p: 69 72 72 71 65 71 68 74 72 74 76 75 70 70 74 72 74 74 71 73 75 71 68 68 

--------------------

fig1
g: 0 4 2 4 0 4 4 3 3 2 2 1 3 0 1 3 0 5 3 3 4 5 2 0 
c: 60 59 62 64 65 64 69 63 63 67 67 66 68 70 71 73 70 65 68 68 69 65 62 60 
p: 60 59 62 64 65 64 69 63 63 67 67 66 68 70 71 73 70 65 68 68 69 65 62 60 

--------------------

fig1
g: 3 2 5 2 4 4 5 0 5 0 10 6 3 2 2 4 3 1 0 0 4 0 2 1 
c: 63 67 65 67 64 64 60 60 55 55 50 51 53 57 57 59 58 56 55 60 59 55 52 56 
p: 63 67 65 67 64 64 60 60 55 55 50 51 53 57 57 59 58 56 55 60 59 55 52 56 

--------------------

fig1
g: 2 8 4 1 2 5 0 3 0 3 0 2 4 3 2 2 3 1 1 1 3 4 3 0 
c: 67 63 64 66 62 55 55 58 60 63 65 62 64 68 72 72 73 76 71 66 63 69 68 70 
p: 67 63 64 66 62 55 55 58 60 63 65 62 64 68 72 72 73 76 71 66 63 69 68 70 

--------------------

fig1
g: 0 0 5 2 1 0 0 3 3 0 4 1 0 3 4 1 4 4 0 3 1 3 2 5 
c: 65 65 60 57 56 55 60 63 63 65 64 66 65 63 64 61 59 64 65 68 66 68 72 70 
p: 65 65 60 57 56 55 60 63 63 65 64 66 65 63 64 61 59 64 65 68 66 68 72 70 

--------------------

fig1
g: 4 4 4 3 3 5 1 2 3 4 5 3 0 3 0 1 2 4 4 4 3 0 4 0 
c: 79 79 79 78 78 75 76 72 73 69 65 63 65 68 70 71 72 74 74 74 73 70 69 70 
p: 79 79 79 78 78 75 76 72 73 69 65 63 65 68 70 71 72 74 74 74 73 70 69 70 

--------------------

fig1
g: 4 2 0 3 7 3 0 0 1 0 3 3 3 2 2 3 4 2 1 4 3 0 2 4 
c: 74 77 80 78 72 68 65 70 71 70 73 68 68 67 62 63 64 62 66 64 63 65 62 64 
p: 74 77 80 78 72 68 65 70 71 70 73 68 68 67 62 63 64 62 66 64 63 65 62 64 

--------------------

fig1
g: 3 0 0 4 4 1 3 4 5 5 1 4 4 2 3 2 2 2 1 0 0 4 3 2 
c: 68 70 70 69 69 61 63 69 65 60 61 64 64 67 68 67 67 72 76 75 75 74 73 72 
p: 68 70 70 69 69 61 63 69 65 60 61 64 64 67 68 67 67 72 76 75 75 74 73 72 

--------------------

