fig1
g: 1 4 5 0 5 2 4 4 0 0 2 3 4 0 0 3 2 1 4 4 3 4 0 7 
c: 66 69 65 65 60 63 59 64 60 60 62 63 64 65 60 63 62 61 64 69 73 69 70 67 
p: 66 69 65 65 60 63 59 64 60 60 62 63 64 65 60 63 62 61 64 69 73 69 70 67 

--------------------

fig1
g: 3 0 3 3 0 4 0 0 2 3 3 1 3 4 2 1 3 3 2 1 2 1 0 6 
c: 58 60 58 63 65 64 70 75 67 68 73 71 68 69 67 66 68 68 72 71 72 76 75 66 
p: 58 60 58 63 65 64 70 75 67 68 73 71 68 69 67 66 68 68 72 71 72 76 75 66 

--------------------

fig1
g: 0 1 4 2 4 5 0 1 0 2 2 3 1 4 2 2 2 3 7 4 2 3 2 2 
c: 60 61 64 62 64 60 60 61 60 57 57 53 56 54 57 57 52 53 47 49 52 53 57 57 
p: 60 61 64 62 64 60 60 61 60 57 57 53 56 54 57 57 52 53 47 49 52 53 57 57 

--------------------

fig1
g: 1 1 0 4 2 3 0 1 3 1 7 2 1 1 4 4 4 5 3 2 3 4 4 8 
c: 61 61 65 69 67 68 70 71 73 71 67 67 66 66 64 59 59 65 68 62 63 64 69 58 
p: 61 61 65 69 67 68 70 71 73 71 67 67 66 66 64 59 59 65 68 62 63 64 69 58 

--------------------

fig1
g: 4 1 0 4 2 1 1 2 2 3 0 2 1 4 3 0 0 4 2 3 4 0 1 1 
c: 64 66 60 64 67 61 61 62 62 63 65 67 66 64 63 65 70 69 62 58 54 55 56 56 
p: 64 66 60 64 67 61 61 62 62 63 65 67 66 64 63 65 70 69 62 58 54 55 56 56 

--------------------

fig1
g: 3 2 3 0 4 4 3 4 2 2 2 3 1 4 1 2 3 5 1 0 8 5 3 3 
c: 58 62 68 70 69 74 73 74 72 72 77 78 76 69 66 62 63 65 61 60 48 50 53 53 
p: 58 62 68 70 69 74 73 74 72 72 77 78 76 69 66 62 63 65 61 60 48 50 53 53 

--------------------

fig1
g: 4 4 4 0 1 1 2 3 4 1 3 4 3 1 2 4 4 0 0 3 5 0 3 2 
c: 69 69 74 80 76 76 72 73 74 71 73 79 78 76 72 69 74 70 65 68 65 65 63 67 
p: 69 69 74 80 76 76 72 73 74 71 73 79 78 76 72 69 74 70 65 68 65 65 63 67 

--------------------

fig1
g: 5 4 4 4 3 3 4 3 0 2 0 3 1 1 2 3 3 1 2 4 2 3 5 4 
c: 55 54 49 49 53 58 64 68 75 77 80 83 76 71 67 63 63 56 52 49 52 53 50 44 
p: 55 54 49 49 53 58 64 68 75 77 80 83 76 71 67 63 63 56 52 49 52 53 50 44 

--------------------

fig1
g: 1 0 4 1 3 3 4 2 4 1 4 3 3 3 3 5 3 4 3 4 3 2 1 2 
c: 61 65 69 71 68 68 69 67 64 61 64 63 68 68 68 60 63 64 58 59 58 62 61 62 
p: 61 65 69 71 68 68 69 67 64 61 64 63 68 68 68 60 63 64 58 59 58 62 61 62 

--------------------

fig1
g: 3 2 3 2 3 11 5 4 0 1 2 4 2 2 0 2 1 4 2 2 3 6 0 4 
c: 58 62 63 67 63 56 55 59 60 61 62 69 62 62 65 67 71 74 77 72 73 71 75 69 
p: 58 62 63 67 63 56 55 59 60 61 62 69 62 62 65 67 71 74 77 72 73 71 75 69 

--------------------

fig1
g: 1 4 4 0 4 4 3 6 3 4 0 4 0 1 0 2 4 3 2 4 7 1 3 2 
c: 61 59 64 65 64 59 58 56 53 54 55 54 55 56 55 52 54 58 52 49 47 46 48 52 
p: 61 59 64 65 64 59 58 56 53 54 55 54 55 56 55 52 54 58 52 49 47 46 48 52 

--------------------

fig1
g: 3 2 4 2 4 11 2 0 6 3 0 4 1 4 0 2 1 4 3 3 3 2 0 1 
c: 73 77 79 72 74 66 72 70 66 68 70 74 66 69 70 72 76 69 68 63 63 67 70 71 
p: 73 77 79 72 74 66 72 70 66 68 70 74 66 69 70 72 76 69 68 63 63 67 70 71 

--------------------

fig1
g: 1 1 4 4 3 4 4 4 1 2 3 4 8 1 3 0 3 1 1 5 0 1 4 10 
c: 66 61 64 64 63 59 64 59 56 52 58 54 48 51 48 50 53 56 56 55 55 61 59 50 
p: 66 61 64 64 63 59 64 59 56 52 58 54 48 51 48 50 53 56 56 55 55 61 59 50 

--------------------

fig1
g: 3 1 7 2 0 0 3 1 1 3 0 2 4 2 2 4 4 3 1 2 5 3 2 1 
c: 73 71 62 67 65 70 73 76 76 78 70 72 74 77 72 74 74 73 76 77 70 68 72 71 
p: 73 71 62 67 65 70 73 76 76 78 70 72 74 77 72 74 74 73 76 77 70 68 72 71 

--------------------

fig1
g: 4 1 1 3 4 1 2 7 3 1 2 1 3 4 4 0 2 3 2 3 3 1 1 3 
c: 64 66 71 68 59 56 62 57 58 56 57 61 63 69 64 70 67 68 67 68 58 56 56 58 
p: 64 66 71 68 59 56 62 57 58 56 57 61 63 69 64 70 67 68 67 68 58 56 56 58 

--------------------

fig1
g: 3 0 0 4 3 2 3 2 3 2 5 4 5 2 0 3 2 1 0 0 2 4 4 2 
c: 78 80 80 84 78 82 78 77 73 67 60 54 55 57 60 63 67 66 70 75 72 74 79 77 
p: 78 80 80 84 78 82 78 77 73 67 60 54 55 57 60 63 67 66 70 75 72 74 79 77 

--------------------

fig1
g: 1 4 3 4 0 2 2 4 3 3 5 1 3 3 4 0 1 2 3 10 1 0 0 5 
c: 61 64 68 69 70 72 72 69 68 73 70 66 68 68 69 70 76 77 78 70 66 65 65 60 
p: 61 64 68 69 70 72 72 69 68 73 70 66 68 68 69 70 76 77 78 70 66 65 65 60 

--------------------

fig1
g: 1 0 0 2 1 3 0 4 1 2 1 1 1 1 1 2 3 4 4 3 1 1 2 2 
c: 71 60 60 57 56 58 60 54 56 57 61 61 61 61 61 58 63 64 64 68 66 66 67 67 
p: 71 60 60 57 56 58 60 54 56 57 61 61 61 61 61 58 63 64 64 68 66 66 67 67 

--------------------

fig1
g: 1 3 4 0 1 2 4 1 4 5 5 6 2 0 0 4 1 3 4 3 3 2 3 0 
c: 81 83 74 80 76 77 79 76 74 70 70 66 62 65 65 64 66 68 64 68 68 72 73 75 
p: 81 83 74 80 76 77 79 76 74 70 70 66 62 65 65 64 66 68 64 68 68 72 73 75 

--------------------

fig1
g: 6 12 5 4 2 6 2 0 3 4 4 4 4 4 5 0 4 2 0 4 1 0 4 0 
c: 46 42 50 49 47 46 47 45 43 44 49 49 44 44 40 45 44 47 50 49 56 50 49 50 
p: 46 42 50 49 47 46 47 45 43 44 49 49 44 44 40 45 44 47 50 49 56 50 49 50 

--------------------

