fig1
g: 2 1 0 0 3 7 4 0 2 4 5 2 4 6 0 4 1 3 4 3 3 2 3 1 
c: 67 71 75 80 83 77 74 75 77 79 75 77 79 66 70 74 71 68 64 68 73 72 68 66 
p: 67 71 75 80 83 77 74 75 77 79 75 77 79 66 70 74 71 68 64 68 73 72 68 66 

--------------------

fig1
g: 4 1 3 2 2 1 1 3 0 1 0 3 3 1 1 1 1 2 0 4 1 5 4 2 
c: 64 66 68 62 67 71 71 73 80 86 90 93 88 91 91 91 81 87 85 84 86 75 79 77 
p: 64 66 68 62 67 71 71 73 80 86 90 93 88 91 91 91 81 87 85 84 86 75 79 77 

--------------------

fig1
g: 4 2 1 9 2 4 0 2 3 4 2 1 1 1 5 3 2 4 1 3 4 0 6 3 
c: 74 72 76 69 72 74 80 82 83 84 82 86 91 91 85 83 77 79 81 83 79 80 71 73 
p: 74 72 76 69 72 74 80 82 83 84 82 86 91 91 85 83 77 79 81 83 79 80 71 73 

--------------------

fig1
g: 3 4 1 2 3 2 3 1 2 1 3 2 5 0 2 2 1 0 0 3 3 0 4 5 
c: 68 69 66 67 68 67 68 71 77 81 78 77 75 75 72 77 76 85 85 88 78 75 79 75 
p: 68 69 66 67 68 67 68 71 77 81 78 77 75 75 72 77 76 85 85 88 78 75 79 75 

--------------------

fig1
g: 3 6 4 4 0 0 0 0 4 3 1 1 2 1 1 3 3 3 3 2 4 1 1 1 
c: 68 66 64 69 65 65 60 60 59 58 56 61 62 66 71 73 73 73 78 72 69 71 71 71 
p: 68 66 64 69 65 65 60 60 59 58 56 61 62 66 71 73 73 73 78 72 69 71 71 71 

--------------------

fig1
g: 4 1 3 4 4 1 3 2 0 2 3 2 1 4 3 2 0 0 4 3 3 1 3 0 
c: 59 66 68 74 54 56 63 67 70 72 73 77 81 74 78 72 80 80 79 83 73 66 63 60 
p: 59 66 68 74 54 56 63 67 70 72 73 77 81 74 78 72 80 80 79 83 73 66 63 60 

--------------------

fig1
g: 2 5 5 1 4 3 2 2 4 4 4 2 1 4 4 5 4 2 0 4 1 1 2 3 
c: 72 70 65 66 69 68 72 72 74 34 29 37 46 54 59 55 54 57 60 64 41 41 47 43 
p: 72 70 65 66 69 68 72 72 74 34 29 37 46 54 59 55 54 57 60 64 41 41 47 43 

--------------------

fig1
g: 2 3 4 3 3 3 1 4 0 2 2 0 4 3 5 1 3 2 4 6 3 1 4 5 
c: 67 73 69 68 68 73 76 79 75 77 82 80 79 83 75 76 78 82 79 46 48 51 54 45 
p: 67 73 69 68 68 73 76 79 75 77 82 80 79 83 75 76 78 82 79 46 48 51 54 45 

--------------------

fig1
g: 4 1 1 3 2 0 3 4 1 4 5 3 2 3 1 4 4 2 3 2 3 3 4 4 
c: 64 71 66 73 77 75 78 74 81 84 65 63 62 63 66 69 69 67 68 72 78 73 69 74 
p: 64 71 66 73 77 75 78 74 81 84 65 63 62 63 66 69 69 67 68 72 78 73 69 74 

--------------------

fig1
g: 2 3 5 0 1 2 0 2 0 4 2 4 0 1 2 5 2 1 1 3 4 4 4 3 
c: 82 83 75 75 76 77 80 72 75 69 72 74 65 61 67 65 67 71 76 78 79 79 79 83 
p: 82 83 75 75 76 77 80 72 75 69 72 74 65 61 67 65 67 71 76 78 79 79 79 83 

--------------------

fig1
g: 0 2 4 5 1 2 6 5 0 3 0 4 3 4 2 2 0 1 2 3 3 4 1 3 
c: 70 77 79 45 41 42 41 40 40 48 45 49 23 29 37 37 40 46 47 53 58 59 61 68 
p: 70 77 79 45 41 42 41 40 40 48 45 49 23 29 37 37 40 46 47 53 58 59 61 68 

--------------------

fig1
g: 0 1 3 2 1 3 4 3 4 4 1 3 2 1 2 4 0 1 4 0 0 0 1 3 
c: 65 66 63 67 61 63 64 63 64 69 66 73 72 66 67 64 65 71 69 70 70 65 66 68 
p: 65 66 63 67 61 63 64 63 64 69 66 73 72 66 67 64 65 71 69 70 70 65 66 68 

--------------------

fig1
g: 4 4 4 2 0 0 1 1 2 2 1 0 1 0 7 4 2 2 0 1 2 12 3 3 
c: 54 54 59 57 60 65 71 71 67 67 66 65 66 70 62 64 67 67 65 71 77 67 68 68 
p: 54 54 59 57 60 65 71 71 67 67 66 65 66 70 62 64 67 67 65 71 77 67 68 68 

--------------------

fig1
g: 0 3 2 3 5 1 3 0 2 3 1 1 2 3 2 0 1 11 1 1 5 1 0 1 
c: 65 68 62 58 55 56 58 60 57 58 56 61 67 68 67 70 71 66 71 76 70 66 70 66 
p: 65 68 62 58 55 56 58 60 57 58 56 61 67 68 67 70 71 66 71 76 70 66 70 66 

--------------------

fig1
g: 0 0 4 1 2 3 3 1 4 0 3 0 2 4 0 2 2 0 2 0 0 6 3 2 
c: 75 75 69 71 62 63 63 61 59 60 63 65 62 59 60 67 62 65 67 75 75 66 68 72 
p: 75 75 69 71 62 63 63 61 59 60 63 65 62 59 60 67 62 65 67 75 75 66 68 72 

--------------------

fig1
g: 4 6 1 1 2 3 0 1 1 0 3 1 6 5 3 3 2 2 0 4 0 4 4 0 
c: 79 76 66 71 72 78 80 76 76 80 73 71 61 60 58 58 62 62 60 64 45 44 39 45 
p: 79 76 66 71 72 78 80 76 76 80 73 71 61 60 58 58 62 62 60 64 45 44 39 45 

--------------------

fig1
g: 3 4 1 11 0 4 1 0 3 3 1 6 4 3 0 0 0 3 0 4 2 5 4 3 
c: 73 79 66 61 65 64 66 65 68 73 76 71 74 73 70 75 80 83 85 84 87 75 79 53 
p: 73 79 66 61 65 64 66 65 68 73 76 71 74 73 70 75 80 83 85 84 87 75 79 53 

--------------------

fig1
g: 5 4 0 1 0 0 1 1 3 3 0 2 3 0 2 1 4 3 1 1 1 3 4 3 
c: 85 89 80 76 80 80 71 71 73 78 80 77 78 75 72 76 79 78 81 81 81 83 89 58 
p: 85 89 80 76 80 80 71 71 73 78 80 77 78 75 72 76 79 78 81 81 81 83 89 58 

--------------------

fig1
g: 0 3 0 1 2 1 3 3 4 2 4 5 1 4 1 2 1 1 3 2 1 2 2 4 
c: 70 68 65 66 72 71 78 73 74 77 74 70 66 69 51 52 56 61 63 57 51 52 57 59 
p: 70 68 65 66 72 71 78 73 74 77 74 70 66 69 51 52 56 61 63 57 51 52 57 59 

--------------------

fig1
g: 0 3 3 1 3 4 4 3 4 4 1 4 1 4 3 3 0 3 4 3 1 1 0 1 
c: 75 73 73 71 73 74 79 53 54 54 56 64 61 64 58 63 70 68 69 68 66 71 75 71 
p: 75 73 73 71 73 74 79 53 54 54 56 64 61 64 58 63 70 68 69 68 66 71 75 71 

--------------------

