fig1
g: 0 0 3 1 2 2 4 0 2 4 1 4 3 3 2 1 5 2 4 0 3 2 0 3 
c: 75 75 68 66 67 67 69 65 62 59 66 64 68 73 72 76 75 72 69 70 68 67 70 73 
p: 75 75 68 66 67 67 69 65 62 59 66 64 68 73 72 76 75 72 69 70 68 67 70 73 

--------------------

fig1
g: 4 5 1 2 0 1 2 3 4 1 2 0 1 4 3 3 1 2 1 2 5 4 2 0 
c: 64 65 66 67 65 66 67 63 69 71 72 75 76 79 78 78 76 77 76 72 70 69 67 65 
p: 64 65 66 67 65 66 67 63 69 71 72 75 76 79 78 78 76 77 76 72 70 69 67 65 

--------------------

fig1
g: 3 0 2 1 1 3 0 4 4 4 0 0 1 2 3 2 0 4 4 3 1 5 4 1 
c: 73 70 67 66 61 63 65 64 64 69 70 65 71 72 73 77 80 84 84 83 81 80 79 76 
p: 73 70 67 66 61 63 65 64 64 69 70 65 71 72 73 77 80 84 84 83 81 80 79 76 

--------------------

fig1
g: 2 4 4 1 0 1 1 2 4 1 1 4 4 4 2 4 4 3 5 5 3 0 3 2 
c: 52 54 49 51 50 56 56 57 59 61 66 64 69 69 72 79 74 78 70 70 68 65 63 62 
p: 52 54 49 51 50 56 56 57 59 61 66 64 69 69 72 79 74 78 70 70 68 65 63 62 

--------------------

fig1
g: 2 3 3 0 6 0 4 2 1 4 4 4 2 1 1 0 2 3 1 1 0 3 1 1 
c: 62 63 63 65 56 55 54 57 61 59 64 64 67 71 76 80 77 73 71 71 70 68 66 66 
p: 62 63 63 65 56 55 54 57 61 59 64 64 67 71 76 80 77 73 71 71 70 68 66 66 

--------------------

fig1
g: 0 3 3 1 2 4 1 2 1 0 2 3 2 1 1 2 3 6 0 1 3 3 1 4 
c: 60 58 63 61 62 59 61 57 61 60 67 73 72 76 76 77 78 76 75 71 68 68 66 64 
p: 60 58 63 61 62 59 61 57 61 60 67 73 72 76 76 77 78 76 75 71 68 68 66 64 

--------------------

fig1
g: 3 5 0 0 0 3 0 1 2 2 0 2 2 0 1 2 3 4 4 2 5 2 2 1 
c: 63 60 60 60 60 58 60 61 62 67 70 77 82 75 81 87 83 79 79 77 70 67 67 66 
p: 63 60 60 60 60 58 60 61 62 67 70 77 82 75 81 87 83 79 79 77 70 67 67 66 

--------------------

fig1
g: 1 3 1 5 0 2 7 1 4 1 1 1 5 0 2 3 1 4 0 4 0 1 1 4 
c: 76 73 71 65 65 62 57 56 59 61 66 71 70 75 77 78 76 74 75 74 70 71 71 74 
p: 76 73 71 65 65 62 57 56 59 61 66 71 70 75 77 78 76 74 75 74 70 71 71 74 

--------------------

fig1
g: 0 3 1 1 4 5 1 4 1 3 3 2 4 0 1 1 0 4 7 5 2 5 1 2 
c: 65 68 66 66 69 65 66 64 56 58 63 67 69 75 71 71 75 74 67 65 67 65 71 72 
p: 65 68 66 66 69 65 66 64 56 58 63 67 69 75 71 71 75 74 67 65 67 65 71 72 

--------------------

fig1
g: 2 4 1 5 2 5 4 4 1 1 3 2 1 2 4 3 0 1 2 3 9 5 5 5 
c: 57 59 61 60 62 60 59 54 56 61 63 67 71 72 74 78 75 71 67 63 59 55 55 55 
p: 57 59 61 60 62 60 59 54 56 61 63 67 71 72 74 78 75 71 67 63 59 55 55 55 

--------------------

fig1
g: 3 3 4 4 3 3 2 0 1 2 0 1 3 2 1 3 2 4 1 2 0 1 0 2 
c: 68 68 64 64 63 68 62 65 66 67 70 76 78 77 81 83 82 79 81 77 75 76 75 72 
p: 68 68 64 64 63 68 62 65 66 67 70 76 78 77 81 83 82 79 81 77 75 76 75 72 

--------------------

fig1
g: 4 2 2 1 1 0 2 1 4 3 3 1 0 2 2 4 1 1 3 0 2 2 4 2 
c: 64 67 67 61 61 60 57 56 59 63 68 71 75 82 82 79 76 76 73 75 72 72 69 67 
p: 64 67 67 61 61 60 57 56 59 63 68 71 75 82 82 79 76 76 73 75 72 72 69 67 

--------------------

fig1
g: 2 0 4 1 5 1 0 0 4 0 3 4 4 1 0 4 2 4 4 2 5 5 3 4 
c: 57 55 54 56 50 51 50 51 54 55 53 59 64 66 70 74 72 74 79 77 70 70 73 69 
p: 57 55 54 56 50 51 50 51 54 55 53 59 64 66 70 74 72 74 79 77 70 70 73 69 

--------------------

fig1
g: 2 3 2 2 2 2 1 2 3 4 4 3 1 3 2 4 4 2 1 0 4 3 3 3 
c: 72 68 67 67 62 62 61 62 63 59 64 68 71 78 77 74 74 77 76 75 74 73 68 73 
p: 72 68 67 67 62 62 61 62 63 59 64 68 71 78 77 74 74 77 76 75 74 73 68 73 

--------------------

fig1
g: 4 4 3 2 4 3 2 6 2 0 0 1 4 3 1 0 3 4 3 4 1 1 2 4 
c: 64 59 53 52 54 53 57 56 62 65 65 71 74 78 81 80 83 79 83 79 76 76 72 69 
p: 64 59 53 52 54 53 57 56 62 65 65 71 74 78 81 80 83 79 83 79 76 76 72 69 

--------------------

fig1
g: 3 3 2 3 3 2 2 3 4 0 1 3 3 0 2 4 1 5 2 1 4 4 3 2 
c: 68 68 67 68 68 67 67 63 64 65 66 63 68 70 72 69 71 65 67 66 64 64 68 62 
p: 68 68 67 68 68 67 67 63 64 65 66 63 68 70 72 69 71 65 67 66 64 64 68 62 

--------------------

fig1
g: 1 4 0 4 2 2 5 3 3 2 4 3 3 4 3 4 4 1 3 4 2 4 2 0 
c: 76 74 70 69 62 62 60 58 63 67 64 68 73 69 73 79 79 76 78 74 72 69 67 70 
p: 76 74 70 69 62 62 60 58 63 67 64 68 73 69 73 79 79 76 78 74 72 69 67 70 

--------------------

fig1
g: 1 4 4 3 3 0 6 0 1 0 3 2 1 2 3 1 3 4 1 3 2 4 3 1 
c: 81 79 79 78 73 65 61 65 66 70 73 77 76 77 78 76 78 79 76 78 77 74 73 71 
p: 81 79 79 78 73 65 61 65 66 70 73 77 76 77 78 76 78 79 76 78 77 74 73 71 

--------------------

fig1
g: 2 3 2 3 0 3 4 5 1 4 2 1 0 3 1 2 2 1 1 4 3 3 2 5 
c: 62 63 62 63 65 68 69 65 66 69 72 71 75 78 71 72 72 71 71 69 68 73 72 65 
p: 62 63 62 63 65 68 69 65 66 69 72 71 75 78 71 72 72 71 71 69 68 73 72 65 

--------------------

fig1
g: 4 2 3 0 4 1 0 3 1 4 2 0 3 0 0 0 1 2 2 0 2 3 1 0 
c: 64 67 63 60 59 61 60 63 61 64 67 65 68 70 75 70 66 67 67 70 72 73 71 65 
p: 64 67 63 60 59 61 60 63 61 64 67 65 68 70 75 70 66 67 67 70 72 73 71 65 

--------------------

