fig1
g: 5 6 7 6 8 7 4 3 3 4 3 0 4 1 1 6 6 4 11 7 21 20 13 9 
c: 1 2 3 5 7 11 15 22 28 35 43 52 54 56 60 65 63 62 64 59 49 42 40 38 
p: 5 6 7 11 13 22 29 48 68 99 123 145 154 161 176 186 186 184 191 177 151 135 128 124 

--------------------

fig1
g: 2 5 6 11 5 3 1 4 3 3 1 3 3 4 5 4 5 14 19 4 8 6 12 8 
c: 1 2 3 5 8 11 15 21 28 37 44 49 57 61 62 66 69 65 63 59 54 52 47 44 
p: 2 5 6 11 20 28 46 69 93 118 141 158 178 194 195 214 220 204 204 189 173 166 147 138 

--------------------

fig1
g: 4 5 10 9 5 3 6 3 3 1 3 3 3 2 1 5 4 2 7 13 7 18 34 16 
c: 1 2 3 5 7 11 15 22 29 37 46 46 53 58 61 64 62 59 56 54 52 47 44 40 
p: 4 5 10 14 25 33 41 63 83 106 128 133 158 172 171 185 184 167 162 153 147 133 119 106 

--------------------

fig1
g: 2 3 6 13 3 4 3 1 1 1 4 0 0 3 6 4 3 13 5 11 5 26 21 17 
c: 1 2 3 5 8 12 15 21 27 34 43 44 49 58 62 64 67 65 62 59 57 51 49 46 
p: 2 3 6 13 23 34 48 66 91 116 154 155 170 198 211 204 208 198 190 181 175 156 151 142 

--------------------

fig1
g: 5 6 9 9 3 6 4 4 4 2 4 1 3 1 9 3 4 5 8 7 20 17 24 23 
c: 1 2 3 5 8 12 16 22 29 36 44 51 58 64 67 70 73 75 74 69 65 61 51 45 
p: 5 6 9 14 18 31 39 54 79 97 129 151 193 216 234 248 264 270 263 247 230 217 184 163 

--------------------

fig1
g: 2 3 6 11 5 3 8 0 2 3 4 2 3 3 5 1 2 1 3 2 20 19 26 15 
c: 1 2 3 5 8 11 15 22 29 36 44 50 59 65 69 69 69 65 66 62 56 52 44 43 
p: 2 3 6 11 20 28 43 65 87 108 129 157 188 203 220 221 217 206 208 192 175 159 136 130 

--------------------

fig1
g: 3 6 9 9 4 9 3 5 1 2 3 3 2 3 2 3 5 8 9 7 21 8 24 23 
c: 1 2 3 5 7 11 16 22 30 37 46 53 55 58 62 66 68 65 62 60 54 46 41 38 
p: 3 6 9 14 19 34 48 65 91 107 133 148 162 178 187 203 205 193 179 177 156 133 119 108 

--------------------

fig1
g: 1 4 8 7 7 2 6 2 3 0 1 2 2 3 1 1 9 9 4 18 28 17 19 7 
c: 1 2 3 5 8 12 17 24 32 41 49 56 62 65 67 70 66 61 60 55 51 50 46 40 
p: 1 4 8 12 22 32 41 67 93 120 141 162 182 193 196 201 184 174 174 158 143 137 124 112 

--------------------

fig1
g: 1 6 9 9 3 10 8 3 3 0 3 1 0 1 4 2 2 9 5 9 18 21 18 25 
c: 1 2 3 5 8 12 17 24 32 39 49 55 58 62 67 68 68 68 65 63 59 52 50 48 
p: 1 6 9 14 23 35 53 73 93 120 153 166 170 181 204 202 202 194 185 184 173 151 148 140 

--------------------

fig1
g: 5 10 11 8 8 11 8 0 5 4 3 4 3 4 2 2 2 6 13 21 12 16 9 17 
c: 1 2 3 5 8 12 17 24 31 35 42 47 56 62 64 68 66 67 67 61 54 49 47 43 
p: 5 10 11 13 18 36 53 70 90 99 118 134 158 174 182 197 192 196 193 181 162 146 139 132 

--------------------

fig1
g: 1 5 10 9 6 2 5 6 2 2 2 0 0 6 4 6 1 3 4 6 11 15 20 17 
c: 1 2 3 5 8 12 15 21 27 36 46 55 61 68 66 69 72 71 63 62 58 53 48 45 
p: 1 5 10 14 21 32 40 56 72 92 122 150 165 186 179 191 201 198 179 176 161 150 135 127 

--------------------

fig1
g: 2 6 9 5 6 10 6 3 3 3 1 0 4 1 4 4 2 4 9 6 5 8 12 2 
c: 1 2 3 5 7 11 16 23 30 38 47 52 59 64 68 69 71 70 67 61 57 52 46 43 
p: 2 6 9 15 21 35 51 73 88 103 131 150 164 181 194 194 197 189 174 151 145 138 127 122 

--------------------

fig1
g: 5 6 9 12 0 5 4 2 4 6 1 3 3 0 2 3 5 4 4 14 26 23 13 10 
c: 1 2 3 5 7 10 15 20 26 33 40 49 53 61 61 67 62 60 60 59 54 51 45 41 
p: 5 6 9 17 20 25 39 52 69 101 121 148 153 175 167 188 175 174 179 174 156 143 123 110 

--------------------

fig1
g: 2 6 7 12 7 11 4 3 3 4 2 2 4 3 4 6 15 12 12 3 9 19 22 12 
c: 1 2 3 5 8 12 17 23 30 38 48 54 60 58 61 65 60 60 58 57 55 51 47 40 
p: 2 6 7 12 17 31 49 68 83 114 147 157 179 158 179 191 170 172 162 158 154 139 122 107 

--------------------

fig1
g: 2 6 7 13 5 5 4 3 2 0 2 4 0 2 4 5 12 7 19 5 12 14 13 16 
c: 1 2 3 5 7 11 16 22 30 36 41 49 58 64 70 72 72 72 67 64 58 51 47 44 
p: 2 6 7 13 20 30 44 63 87 105 122 144 170 172 189 195 202 207 189 175 162 144 133 121 

--------------------

fig1
g: 3 7 9 9 6 11 4 1 0 4 3 4 1 2 0 4 4 10 9 8 11 49 21 19 
c: 1 2 3 5 8 11 16 21 28 36 41 48 55 59 63 65 63 66 64 62 56 49 43 42 
p: 3 7 9 14 21 31 44 61 75 104 118 149 171 182 195 189 179 190 194 193 181 154 136 134 

--------------------

fig1
g: 3 8 10 10 7 2 2 4 1 0 0 3 4 4 3 2 5 17 10 16 15 22 25 21 
c: 1 2 3 5 8 12 17 22 29 33 40 45 49 52 55 59 63 62 62 58 56 51 43 41 
p: 3 8 10 15 22 32 52 69 86 105 115 133 154 174 188 197 205 192 195 181 175 162 145 141 

--------------------

fig1
g: 2 7 11 10 1 4 6 0 3 1 0 1 2 4 4 3 1 4 5 7 20 23 34 30 
c: 1 2 3 5 8 12 17 22 30 37 47 54 61 66 68 71 73 71 71 65 60 56 51 50 
p: 2 7 11 15 21 29 46 60 78 106 135 156 172 184 184 203 211 209 215 197 185 173 159 160 

--------------------

fig1
g: 2 4 6 2 8 4 6 0 0 3 0 2 1 4 1 2 6 2 8 4 11 11 29 6 
c: 1 2 3 5 7 11 15 22 29 36 41 48 55 61 59 59 62 61 62 61 58 53 50 46 
p: 2 4 6 12 18 29 41 65 90 103 110 132 146 154 136 152 161 167 173 169 161 151 144 136 

--------------------

fig1
g: 3 6 8 3 3 6 4 0 1 1 4 3 2 1 2 0 15 3 3 10 10 37 22 14 
c: 1 2 3 5 8 12 16 23 31 40 48 55 61 67 70 73 74 69 66 63 59 53 50 43 
p: 3 6 8 13 18 31 44 65 86 116 149 163 172 191 197 205 220 203 198 195 185 167 162 139 

--------------------

fig1
g: 2 6 8 7 9 4 4 3 2 3 0 1 2 2 1 2 4 6 9 15 18 17 17 25 
c: 1 2 3 5 8 12 17 23 31 38 47 53 61 59 63 67 66 62 62 59 52 48 46 42 
p: 2 6 8 12 24 34 44 63 82 108 145 161 197 192 201 222 219 211 214 200 173 162 152 135 

--------------------

fig1
g: 3 7 8 13 6 5 2 2 1 2 2 0 4 6 3 3 5 9 2 11 15 18 22 11 
c: 1 2 3 5 7 10 14 20 28 34 41 51 58 59 61 64 59 57 57 52 50 50 46 41 
p: 3 7 8 13 21 30 47 57 81 107 132 165 184 176 183 188 175 164 167 156 150 153 142 126 

--------------------

fig1
g: 4 8 12 10 3 9 5 2 5 3 3 2 2 5 5 2 7 8 8 11 9 19 23 9 
c: 1 2 3 5 8 12 16 23 31 36 43 51 59 64 67 62 64 65 59 60 60 56 47 41 
p: 4 8 12 15 23 34 45 67 95 108 123 147 167 180 185 182 177 178 163 166 164 149 128 114 

--------------------

fig1
g: 5 10 11 16 4 8 2 5 0 3 3 4 1 4 0 4 7 6 5 13 15 14 17 28 
c: 1 2 3 5 8 12 16 23 30 34 43 49 54 56 63 62 61 64 63 57 52 49 45 39 
p: 5 10 11 21 29 43 57 85 110 128 153 169 186 184 200 189 187 196 195 183 175 164 147 128 

--------------------

fig1
g: 5 8 11 4 8 0 4 2 2 2 2 3 1 2 1 4 5 7 11 27 15 10 17 20 
c: 1 2 3 5 7 11 16 23 31 39 47 56 60 65 70 71 70 70 67 59 56 55 53 49 
p: 5 8 11 19 23 30 39 57 82 107 137 168 181 187 201 204 205 212 201 177 165 165 162 150 

--------------------

fig1
g: 2 6 10 7 5 6 5 2 3 2 2 3 1 2 3 1 2 2 10 6 11 10 25 20 
c: 1 2 3 5 8 12 17 24 32 41 50 53 59 66 69 69 70 67 65 60 56 53 51 48 
p: 2 6 10 17 25 41 55 77 93 117 142 158 176 197 198 201 197 187 180 166 161 155 150 140 

--------------------

fig1
g: 1 3 4 10 3 10 3 2 0 3 2 0 0 4 3 2 8 5 7 25 13 16 10 10 
c: 1 2 3 5 7 11 16 23 30 38 48 53 58 64 66 67 69 72 73 69 67 58 54 50 
p: 1 3 4 10 18 30 43 57 80 108 137 160 175 199 208 202 208 220 222 210 203 171 160 145 

--------------------

fig1
g: 5 8 12 11 7 2 0 4 3 0 4 1 4 1 3 8 3 10 6 8 21 21 12 27 
c: 1 2 3 5 8 11 16 21 27 34 40 47 51 53 56 61 62 60 58 54 47 43 41 37 
p: 5 8 12 16 27 37 55 69 88 115 134 156 164 166 173 188 193 185 181 163 141 126 117 102 

--------------------

fig1
g: 2 5 10 6 6 9 13 0 1 1 2 4 2 1 2 3 1 9 15 21 8 9 28 25 
c: 1 2 3 5 7 11 15 21 27 34 43 51 57 63 68 70 68 69 65 58 50 47 42 39 
p: 2 5 10 16 21 34 53 65 86 106 132 149 167 186 197 198 196 204 185 166 143 134 113 110 

--------------------

fig1
g: 5 8 12 9 6 6 4 4 6 3 2 2 0 2 2 3 5 2 4 7 22 10 22 20 
c: 1 2 3 5 7 11 16 23 29 37 46 51 57 65 71 70 70 70 65 58 49 45 38 37 
p: 5 8 12 19 26 41 54 74 96 113 142 147 165 192 207 203 200 197 184 167 147 135 112 110 

--------------------

