fig1
g: 4 5 10 13 4 5 9 10 9 8 9 3 5 9 4 7 1 8 1 4 0 0 1 1 
c: 1 2 3 4 6 7 9 10 12 14 16 19 22 26 30 35 37 42 45 50 54 57 64 75 
p: 4 5 10 13 19 25 34 35 44 48 54 63 70 84 94 107 111 128 136 154 160 175 186 221 

--------------------

fig1
g: 2 3 5 10 8 7 5 10 13 7 3 10 7 8 4 4 4 1 1 3 4 2 1 3 
c: 1 2 3 4 5 7 9 11 10 12 15 17 19 21 24 27 31 33 38 41 46 51 56 63 
p: 2 3 5 10 13 17 25 35 38 47 53 60 67 68 79 84 89 91 101 108 129 147 176 198 

--------------------

fig1
g: 1 5 6 8 8 6 10 8 11 4 5 5 8 2 5 6 4 2 3 3 0 0 0 3 
c: 1 2 3 4 6 8 10 11 11 14 17 20 23 24 26 30 33 38 40 45 48 54 61 70 
p: 1 5 6 8 18 26 35 38 36 44 50 60 68 72 75 86 94 102 108 123 130 150 170 188 

--------------------

fig1
g: 1 4 8 12 7 4 8 9 5 4 6 11 7 8 3 2 3 1 6 4 4 2 4 2 
c: 1 2 3 4 6 8 10 11 12 15 18 20 23 27 31 36 40 43 47 52 56 57 63 70 
p: 1 4 8 12 17 24 28 34 40 44 51 61 72 88 98 122 133 141 151 164 174 167 194 217 

--------------------

fig1
g: 4 6 10 15 9 7 7 10 10 5 7 6 5 5 10 5 1 0 2 3 1 3 2 0 
c: 1 2 3 4 5 7 8 10 11 12 14 15 16 18 20 23 24 27 33 37 42 47 54 57 
p: 4 6 10 15 19 27 27 30 35 35 37 41 40 45 60 65 71 75 97 103 121 133 157 165 

--------------------

fig1
g: 1 6 11 16 10 4 3 7 10 3 8 4 5 8 7 6 1 1 8 4 3 4 2 3 
c: 1 2 3 4 6 8 10 11 11 12 15 17 19 22 23 27 29 33 39 43 49 56 65 67 
p: 1 6 11 16 20 24 28 32 35 38 48 54 60 73 72 81 91 106 123 134 158 169 197 198 

--------------------

fig1
g: 2 4 6 10 7 7 3 10 8 10 4 11 2 6 5 4 3 6 7 3 0 4 4 3 
c: 1 2 3 4 6 8 9 10 12 15 18 20 23 26 28 32 37 39 39 43 50 58 62 71 
p: 2 4 6 10 17 22 23 30 38 50 59 66 77 86 90 99 113 121 112 118 135 144 164 178 

--------------------

fig1
g: 5 10 13 18 10 2 9 13 11 11 9 6 10 5 3 5 8 1 4 4 4 3 3 3 
c: 1 2 3 4 5 7 9 11 12 13 15 17 18 18 21 24 29 34 40 46 48 53 59 67 
p: 5 10 13 18 20 27 34 38 41 41 44 51 55 55 63 70 83 91 109 124 129 148 173 198 

--------------------

fig1
g: 2 4 5 10 15 9 10 7 5 11 11 4 5 4 4 6 2 3 1 7 0 1 2 1 
c: 1 2 3 4 6 7 9 10 12 14 16 18 22 25 29 33 35 39 43 46 52 57 66 65 
p: 2 4 5 10 15 19 25 27 30 36 41 44 60 69 84 96 97 108 121 137 160 181 207 206 

--------------------

fig1
g: 1 2 7 10 10 8 2 6 3 9 11 4 10 3 4 4 7 7 2 4 3 5 0 1 
c: 1 2 3 4 6 7 8 10 11 13 16 19 21 22 25 29 33 34 39 45 50 53 61 69 
p: 1 2 7 10 15 18 17 21 23 29 41 49 60 63 69 89 102 107 122 139 158 160 185 211 

--------------------

fig1
g: 2 3 7 8 10 4 6 12 6 6 10 7 11 9 0 8 2 7 3 7 5 2 3 3 
c: 1 2 3 4 5 7 8 10 12 13 16 19 21 22 25 28 32 33 37 41 45 51 57 64 
p: 2 3 7 8 10 14 16 22 26 31 45 52 51 59 65 73 87 92 113 132 140 157 173 198 

--------------------

fig1
g: 5 9 13 14 14 2 10 11 5 4 4 5 6 3 4 6 3 5 2 5 1 3 2 0 
c: 1 2 3 4 4 6 8 10 12 13 16 18 20 21 23 27 30 32 36 39 43 48 52 59 
p: 5 9 13 14 14 22 30 36 45 49 54 60 66 68 69 81 88 90 102 110 126 153 162 185 

--------------------

fig1
g: 3 4 6 9 7 5 7 4 5 9 5 7 7 5 3 1 5 4 1 2 4 1 4 1 
c: 1 2 3 4 5 7 8 10 11 11 13 16 18 19 23 26 30 35 40 44 50 54 62 62 
p: 3 4 6 9 12 20 22 29 30 29 35 47 57 60 73 76 90 104 116 132 149 156 184 171 

--------------------

fig1
g: 3 4 6 11 11 5 6 5 3 5 8 8 5 1 8 7 3 8 4 6 4 3 0 0 
c: 1 2 3 4 5 6 8 8 10 11 13 16 18 20 23 25 29 33 37 43 42 50 57 64 
p: 3 4 6 11 16 20 26 25 28 30 33 43 45 46 58 62 78 88 104 126 129 153 175 200 

--------------------

fig1
g: 1 2 4 9 9 11 13 11 0 6 4 7 5 5 6 8 5 3 2 4 1 1 0 0 
c: 1 2 3 4 4 6 8 9 11 12 15 17 20 22 25 27 31 33 36 41 45 51 54 56 
p: 1 2 4 9 9 11 18 21 25 31 39 47 55 60 66 73 85 93 97 114 131 151 160 165 

--------------------

fig1
g: 3 7 12 14 20 13 10 13 13 12 3 8 3 6 3 4 1 5 3 4 4 4 3 3 
c: 1 2 3 4 5 7 9 11 11 12 14 16 19 21 24 26 32 38 43 50 57 63 66 71 
p: 3 7 12 14 20 23 30 38 33 37 43 48 58 61 68 79 96 120 143 159 184 204 223 238 

--------------------

fig1
g: 2 4 7 9 12 10 11 5 6 6 6 4 0 13 8 10 5 8 5 5 4 1 0 5 
c: 1 2 3 4 5 7 9 10 11 12 15 17 19 23 24 28 30 29 33 39 44 47 55 62 
p: 2 4 7 9 12 20 26 30 36 36 46 54 55 68 68 85 95 88 100 120 139 146 160 175 

--------------------

fig1
g: 1 3 5 8 1 10 6 11 11 7 5 8 9 3 6 5 3 2 6 2 1 3 2 0 
c: 1 2 3 4 6 8 9 11 12 13 15 18 20 22 26 30 35 37 44 50 55 59 61 68 
p: 1 3 5 8 11 20 21 26 31 32 35 43 49 53 66 75 88 97 126 142 166 183 182 195 

--------------------

fig1
g: 4 9 12 15 6 4 3 7 14 11 6 6 11 4 5 8 5 4 3 6 4 1 1 0 
c: 1 2 3 4 5 7 8 10 12 15 17 19 23 25 29 30 36 40 39 44 52 60 63 69 
p: 4 9 12 15 21 29 28 37 44 51 61 66 81 84 100 103 120 129 128 146 169 196 201 220 

--------------------

fig1
g: 3 5 8 9 8 3 7 6 5 8 6 7 5 11 2 1 12 2 6 7 0 2 0 3 
c: 1 2 3 4 6 8 8 9 11 14 16 19 22 25 28 31 35 40 41 46 50 57 64 71 
p: 3 5 8 9 18 23 27 31 35 43 46 52 60 71 77 91 107 122 131 152 160 177 195 208 

--------------------

fig1
g: 4 6 11 13 6 10 3 3 10 11 10 4 7 7 2 6 3 9 4 0 6 1 0 3 
c: 1 2 3 4 5 7 9 11 13 16 18 20 20 23 25 30 35 38 43 48 49 55 63 68 
p: 4 6 11 13 11 20 28 33 40 46 55 64 62 72 77 91 103 114 129 140 146 166 195 203 

--------------------

fig1
g: 4 5 10 13 9 9 5 5 8 5 11 6 9 9 6 5 12 4 5 5 0 3 2 2 
c: 1 2 3 4 5 7 8 9 10 12 14 17 19 23 26 29 32 35 37 42 44 48 54 60 
p: 4 5 10 13 14 19 20 25 33 35 41 46 54 69 76 85 102 109 110 120 120 128 147 162 

--------------------

fig1
g: 4 9 12 17 5 6 8 6 5 7 6 1 1 4 4 7 9 5 4 3 1 1 4 3 
c: 1 2 3 4 5 7 9 10 12 14 16 19 21 24 25 27 32 37 41 45 45 50 57 62 
p: 4 9 12 17 20 26 33 31 35 42 46 51 51 59 64 72 89 105 114 123 116 121 139 158 

--------------------

fig1
g: 2 3 7 8 5 13 11 5 11 6 11 8 8 7 3 1 3 3 3 4 3 4 3 2 
c: 1 2 3 4 6 8 9 10 10 13 16 18 19 22 25 29 31 33 39 44 49 48 56 64 
p: 2 3 7 8 10 18 21 25 31 41 51 63 68 77 88 96 98 103 128 149 163 154 173 192 

--------------------

fig1
g: 3 5 8 10 13 9 14 10 8 7 7 1 8 8 7 4 4 8 2 3 1 2 4 2 
c: 1 2 3 4 5 7 9 11 13 13 13 15 17 21 21 24 28 32 35 38 43 47 52 58 
p: 3 5 8 10 13 19 29 35 43 42 37 41 48 53 52 64 74 88 97 103 121 132 149 172 

--------------------

fig1
g: 3 6 11 13 9 12 6 8 4 8 11 3 4 7 4 2 5 6 1 3 2 4 0 2 
c: 1 2 3 4 6 8 10 10 12 15 18 20 21 24 27 28 32 34 38 40 44 51 52 55 
p: 3 6 11 13 19 27 36 38 44 53 66 73 74 82 89 87 100 106 116 123 132 149 160 172 

--------------------

fig1
g: 1 6 11 16 16 9 11 15 12 6 8 3 11 3 2 9 6 3 4 1 2 5 0 0 
c: 1 2 3 4 5 6 7 9 11 13 14 15 18 22 24 26 29 32 37 44 49 54 60 65 
p: 1 6 11 16 21 19 21 25 32 41 43 48 61 73 77 84 91 93 114 141 167 185 200 225 

--------------------

fig1
g: 2 7 10 11 7 6 7 11 12 2 6 9 6 5 3 1 3 4 4 3 3 1 1 0 
c: 1 2 3 3 5 7 9 11 12 15 16 18 20 23 27 31 36 40 45 51 57 56 59 67 
p: 2 7 10 11 17 21 27 36 42 47 51 59 61 65 73 81 98 114 129 143 168 166 181 210 

--------------------

fig1
g: 5 10 11 14 9 6 10 11 4 2 13 10 7 8 4 4 4 1 1 3 5 4 4 1 
c: 1 2 3 4 6 7 9 10 12 13 15 17 18 22 25 29 33 37 40 41 46 53 60 60 
p: 5 10 11 14 19 21 30 36 44 47 58 60 57 73 84 104 119 131 136 138 155 169 189 196 

--------------------

fig1
g: 1 2 6 11 13 5 4 4 5 4 10 9 6 3 8 3 4 7 5 1 1 1 2 4 
c: 1 2 3 4 6 8 10 10 12 13 15 17 17 20 23 26 27 26 33 38 44 52 60 62 
p: 1 2 6 11 18 25 29 29 35 34 40 49 51 63 73 78 79 72 90 106 126 151 172 174 

--------------------

