fig1
g: 2 6 15 14 7 11 5 10 2 6 4 8 3 5 6 5 4 2 6 4 0 4 0 3 
c: 69 66 65 60 56 51 48 46 47 45 45 43 40 41 42 45 42 44 48 54 57 65 70 72 
p: 207 196 195 184 177 161 150 140 147 141 144 138 133 130 141 150 129 132 141 164 170 184 195 203 

--------------------

fig1
g: 4 18 9 8 0 2 12 5 8 12 10 7 1 4 4 1 3 1 1 3 0 4 1 0 
c: 78 72 67 62 59 61 55 55 53 50 49 50 51 55 57 55 55 58 63 66 70 76 77 82 
p: 219 198 189 178 170 172 152 145 143 127 125 127 121 129 134 126 133 141 166 178 190 209 216 240 

--------------------

fig1
g: 7 17 16 3 2 8 4 5 10 3 1 9 6 3 3 7 9 5 5 4 3 1 2 4 
c: 76 64 57 56 52 46 43 44 43 43 42 44 44 43 47 51 51 50 51 58 60 65 74 80 
p: 227 192 166 163 152 133 124 125 125 128 126 139 136 138 148 157 149 140 140 169 173 196 227 249 

--------------------

fig1
g: 11 9 4 5 2 8 6 6 2 4 7 3 4 1 5 4 4 4 4 2 1 2 0 0 
c: 75 73 69 65 65 60 54 50 49 51 44 47 51 53 58 56 60 60 61 65 69 74 74 80 
p: 221 219 209 185 182 163 151 141 142 144 122 133 144 146 160 144 164 164 174 192 206 217 230 240 

--------------------

fig1
g: 8 11 19 14 8 6 9 8 11 5 9 1 8 3 1 7 5 0 5 5 4 1 2 1 
c: 66 63 62 57 56 54 50 52 49 51 50 47 41 45 45 42 41 45 47 52 56 60 66 73 
p: 183 181 174 164 163 166 149 158 156 165 164 161 133 143 146 137 125 135 145 160 174 186 202 221 

--------------------

fig1
g: 6 6 3 7 1 4 4 7 4 5 4 4 6 2 1 4 3 2 1 1 0 2 1 4 
c: 76 73 70 63 61 61 61 58 54 50 48 54 51 51 53 54 57 50 55 58 65 70 76 77 
p: 216 206 198 177 176 179 179 167 154 145 144 159 151 147 151 159 173 152 166 171 195 207 231 234 

--------------------

fig1
g: 18 12 13 7 8 7 11 9 5 5 6 1 1 6 3 0 0 2 2 0 1 2 2 4 
c: 61 57 57 55 53 52 51 48 52 57 57 57 50 50 47 50 55 56 61 66 69 77 82 85 
p: 178 172 178 172 163 167 161 149 160 175 171 166 151 156 153 160 175 172 192 205 206 237 252 269 

--------------------

fig1
g: 7 8 18 6 4 6 18 13 14 15 5 2 4 4 4 6 4 0 1 3 1 2 4 3 
c: 74 72 70 66 70 63 58 59 58 53 49 49 50 54 53 54 55 55 58 62 67 72 78 76 
p: 247 243 233 216 224 206 183 178 179 155 135 132 129 144 144 136 144 150 166 178 191 207 219 213 

--------------------

fig1
g: 12 11 11 2 10 8 3 7 4 6 11 5 6 1 2 3 4 4 0 0 1 0 1 0 
c: 81 74 66 66 61 58 56 55 52 51 50 51 54 55 54 55 60 61 65 67 69 71 68 71 
p: 247 226 196 192 180 168 163 167 164 166 161 165 161 161 167 168 184 184 200 205 216 215 201 215 

--------------------

fig1
g: 8 19 5 4 2 10 16 12 28 3 10 4 6 10 8 2 6 0 3 2 6 1 5 2 
c: 65 60 56 53 51 52 48 48 49 46 49 47 43 38 43 44 45 48 53 54 59 62 70 71 
p: 173 154 140 134 132 140 136 132 128 118 130 124 121 105 123 127 136 145 158 162 171 176 210 212 

--------------------

fig1
g: 13 25 23 7 12 1 5 6 22 3 4 12 9 2 6 3 4 6 4 7 7 2 2 4 
c: 65 61 55 52 48 45 43 43 42 42 42 42 46 47 45 46 46 49 52 55 59 60 64 72 
p: 188 175 158 152 142 141 140 146 137 138 134 127 144 147 136 138 139 146 154 162 177 187 202 219 

--------------------

fig1
g: 3 20 8 7 7 7 21 15 20 14 3 5 4 0 3 3 5 5 3 0 1 0 0 2 
c: 66 60 57 55 52 48 41 37 37 37 36 39 43 47 47 47 46 48 54 60 65 68 75 82 
p: 183 160 153 152 147 142 121 115 115 119 113 120 134 145 153 143 145 145 158 180 201 210 240 252 

--------------------

fig1
g: 9 11 19 12 5 4 5 12 9 1 9 5 2 5 9 4 4 4 3 4 2 0 0 1 
c: 78 77 76 70 67 58 59 57 60 59 59 58 56 54 51 50 50 51 54 60 55 61 70 78 
p: 264 261 249 232 215 184 185 182 194 191 189 190 182 175 154 144 139 149 163 184 167 180 205 231 

--------------------

fig1
g: 19 8 46 19 9 9 1 9 14 9 3 6 4 7 2 7 1 2 2 4 5 4 3 3 
c: 62 61 57 49 49 50 45 42 41 38 40 44 41 43 46 49 53 51 53 58 64 69 71 76 
p: 199 198 181 159 154 159 146 129 134 114 123 136 119 132 132 142 156 152 162 179 205 219 223 238 

--------------------

fig1
g: 10 5 6 1 6 2 5 4 3 5 6 12 2 3 4 3 1 0 3 1 4 2 6 3 
c: 71 70 66 62 61 61 56 57 56 56 58 56 50 50 48 49 53 49 54 57 62 66 70 75 
p: 215 210 201 191 186 182 165 159 153 150 156 152 132 128 129 133 151 145 173 181 194 212 226 238 

--------------------

fig1
g: 9 9 18 11 13 13 6 3 1 4 3 8 4 5 4 1 4 3 2 5 3 6 3 3 
c: 65 64 63 62 57 55 53 52 51 49 47 47 48 51 52 52 53 55 58 61 65 68 68 76 
p: 199 194 188 186 168 173 166 158 156 149 143 148 149 160 164 156 159 158 167 175 178 191 198 218 

--------------------

fig1
g: 7 9 6 3 9 11 4 15 2 7 1 3 6 2 7 0 4 1 6 1 4 4 2 1 
c: 73 70 70 67 64 58 57 56 53 52 52 48 50 52 57 57 58 59 64 69 76 80 75 76 
p: 207 204 206 198 194 181 179 170 162 152 151 143 151 152 167 175 179 181 196 211 234 244 227 226 

--------------------

fig1
g: 17 21 13 5 10 2 12 10 11 11 6 6 6 4 6 2 0 0 3 3 4 1 2 0 
c: 70 67 64 57 56 55 54 50 51 50 45 45 47 47 47 51 54 56 61 66 71 74 69 76 
p: 232 226 213 190 185 182 172 160 161 151 136 141 151 159 161 167 180 180 198 218 234 246 232 255 

--------------------

fig1
g: 16 15 10 25 10 10 3 5 5 7 5 4 2 2 2 3 1 0 2 3 4 4 3 5 
c: 71 70 66 60 60 56 56 50 51 50 53 56 57 59 59 57 57 57 61 66 68 72 73 77 
p: 211 210 205 180 185 170 168 140 145 147 155 164 162 172 177 173 171 175 182 203 204 214 223 235 

--------------------

fig1
g: 9 17 12 12 12 12 13 16 12 3 5 3 7 7 5 6 3 1 4 4 3 4 2 3 
c: 69 66 61 51 45 44 41 41 39 35 37 37 39 39 42 46 48 50 52 57 61 58 61 68 
p: 214 202 192 157 137 137 123 121 112 103 110 113 117 112 115 126 133 141 144 154 163 154 162 183 

--------------------

fig1
g: 12 14 13 1 0 1 3 3 5 10 16 7 5 8 3 12 1 3 3 4 1 3 3 2 
c: 58 52 49 46 46 47 46 46 45 45 41 43 38 38 40 39 42 46 45 48 56 60 63 69 
p: 177 169 158 151 150 151 148 148 155 150 136 147 125 128 133 122 131 138 133 139 156 168 178 207 

--------------------

fig1
g: 9 6 3 13 4 17 0 1 0 3 16 12 1 2 5 3 3 4 4 0 4 1 2 3 
c: 72 65 65 59 55 50 47 47 46 47 45 44 45 48 50 47 49 51 55 60 65 64 66 72 
p: 224 206 208 193 184 162 150 151 145 143 131 122 121 122 125 113 128 139 154 175 189 171 182 198 

--------------------

fig1
g: 9 7 7 8 4 5 5 9 5 4 1 6 2 4 2 1 2 4 0 1 1 3 3 3 
c: 61 59 55 52 50 50 46 48 45 45 44 42 41 41 41 43 45 47 52 59 61 66 64 70 
p: 184 182 172 163 154 155 145 149 140 139 136 131 127 129 122 126 137 139 145 171 171 193 178 193 

--------------------

fig1
g: 13 10 25 7 11 10 10 13 8 7 11 3 0 1 3 5 1 3 1 3 3 1 3 0 
c: 75 64 62 57 58 59 54 52 54 51 48 50 53 53 54 57 60 54 61 65 70 74 81 80 
p: 223 185 170 157 166 160 150 138 143 132 126 133 145 146 153 165 176 163 191 208 223 231 253 245 

--------------------

fig1
g: 12 6 5 10 5 10 22 10 3 10 6 6 6 3 8 6 5 2 5 4 2 0 1 0 
c: 71 66 63 63 62 58 55 55 53 49 43 41 41 41 43 46 50 54 55 62 63 65 65 66 
p: 217 201 190 185 180 170 157 150 148 140 126 121 121 123 128 136 155 172 175 199 207 210 206 210 

--------------------

fig1
g: 13 10 14 5 7 8 8 5 2 2 6 7 1 2 4 7 1 5 3 1 1 6 2 1 
c: 70 64 63 57 57 57 52 54 52 54 55 54 55 56 57 54 54 53 57 62 65 70 70 75 
p: 193 180 174 160 157 163 153 155 142 147 151 142 146 147 154 147 151 145 158 176 186 201 202 226 

--------------------

fig1
g: 15 11 13 28 52 14 12 10 2 7 4 1 0 6 0 2 3 4 2 1 2 0 0 3 
c: 75 74 69 63 60 59 60 60 61 63 58 56 57 58 60 59 61 62 62 62 63 68 73 74 
p: 235 231 218 193 182 179 182 180 192 202 179 171 170 171 180 182 188 194 187 186 182 195 210 213 

--------------------

fig1
g: 16 9 13 21 12 4 9 5 3 6 8 8 6 5 3 5 5 2 2 1 1 4 4 0 
c: 71 66 61 57 51 45 44 45 47 47 41 41 44 48 47 44 46 47 48 52 56 61 58 64 
p: 221 209 203 186 162 149 149 150 158 156 138 138 146 160 163 155 160 162 162 171 186 199 194 205 

--------------------

fig1
g: 8 15 12 8 11 5 5 9 2 5 5 3 3 1 4 7 6 0 4 4 4 1 4 1 
c: 80 76 77 72 68 67 66 63 57 52 49 51 47 46 46 49 52 52 55 62 66 72 78 81 
p: 238 225 227 218 206 205 200 189 172 155 150 158 148 141 134 142 141 140 149 164 169 186 199 211 

--------------------

fig1
g: 12 7 5 20 25 7 4 6 3 3 4 4 3 1 5 0 2 6 1 5 1 2 3 1 
c: 68 68 64 55 53 48 43 42 42 43 43 47 48 51 50 50 52 46 53 60 63 69 75 78 
p: 202 202 190 160 150 132 124 116 118 118 119 134 133 136 135 130 142 126 146 170 171 187 208 226 

--------------------

