fig1
g: 110 133 122 127 124 135 121 129 139 147 154 136 126 130 128 141 135 140 108 121 125 114 98 96 
c: 61 60 62 55 54 54 45 48 53 60 64 66 70 75 74 78 82 81 79 74 70 71 65 59 
p: 165 163 172 152 149 150 126 134 149 157 169 171 186 210 208 221 230 235 228 216 210 214 198 186 

--------------------

fig1
g: 81 90 123 133 119 120 137 145 145 130 153 166 179 193 185 189 188 195 197 190 175 179 178 166 
c: 55 59 64 66 61 56 59 62 64 62 64 58 61 65 63 67 67 71 65 63 65 69 67 61 
p: 166 170 188 198 184 165 182 190 195 180 193 181 189 203 205 209 208 215 197 190 195 199 198 186 

--------------------

fig1
g: 92 85 70 68 50 66 85 88 92 84 91 90 119 118 117 106 109 128 113 124 129 101 100 113 
c: 65 59 56 55 56 52 55 57 62 61 62 68 73 76 82 82 78 77 74 71 71 72 67 58 
p: 172 165 150 148 150 131 150 153 177 174 181 195 219 233 257 256 239 238 228 214 214 216 205 178 

--------------------

fig1
g: 78 75 73 65 62 68 50 50 58 69 98 86 86 104 76 62 66 72 72 79 81 78 79 97 
c: 59 59 56 55 50 50 49 48 54 55 60 58 59 66 68 66 70 72 75 72 73 65 63 61 
p: 168 170 168 165 152 148 155 155 168 174 193 191 191 209 211 202 211 212 227 214 216 183 179 172 

--------------------

fig1
g: 143 137 113 120 115 119 109 104 94 102 117 132 118 103 137 118 83 75 65 65 91 90 102 97 
c: 69 64 58 57 50 50 54 57 61 62 64 67 68 71 73 73 65 63 63 67 68 64 63 67 
p: 208 192 168 165 135 139 149 159 169 177 192 197 208 208 207 213 183 175 175 185 181 170 177 192 

--------------------

fig1
g: 138 138 140 150 161 161 135 124 117 115 96 100 100 102 110 96 102 117 126 108 121 146 158 126 
c: 61 57 57 56 59 55 52 51 49 54 55 61 63 60 63 66 68 68 66 61 64 60 61 58 
p: 198 188 190 185 196 181 165 174 167 180 176 180 180 172 180 196 197 207 196 178 191 181 193 181 

--------------------

fig1
g: 119 102 89 78 56 88 102 99 85 96 119 133 130 131 125 135 151 151 140 140 129 122 120 106 
c: 62 55 52 48 44 47 51 50 49 55 59 61 64 66 61 65 69 67 68 69 68 68 71 72 
p: 194 177 169 158 146 148 162 159 150 161 169 183 180 186 180 190 206 196 200 200 214 212 210 221 

--------------------

fig1
g: 94 86 67 65 53 95 74 58 73 86 126 126 160 169 154 167 181 162 150 169 141 121 86 108 
c: 63 67 61 54 54 54 51 49 54 57 64 69 72 80 77 79 79 80 77 73 69 66 66 72 
p: 194 211 192 165 163 165 154 148 163 176 196 206 215 239 224 232 236 232 220 214 201 186 186 208 

--------------------

fig1
g: 86 94 86 105 99 106 75 90 106 108 109 121 128 100 115 131 108 113 100 120 138 143 144 132 
c: 66 61 56 63 59 60 53 45 48 50 56 60 59 59 64 67 65 65 63 64 67 70 70 68 
p: 216 199 191 210 199 196 165 145 151 153 169 181 183 185 200 206 198 203 195 200 218 223 224 212 

--------------------

fig1
g: 62 69 59 57 52 88 86 73 92 70 100 136 136 128 99 121 94 70 79 66 85 74 32 33 
c: 50 52 52 54 53 52 57 56 57 60 64 69 74 71 71 73 72 69 69 63 63 58 51 50 
p: 137 144 144 147 147 143 161 153 162 165 180 191 201 198 199 216 209 200 199 186 195 179 162 163 

--------------------

fig1
g: 50 48 42 46 32 41 57 64 89 127 139 134 153 154 169 161 173 144 132 143 150 137 120 103 
c: 66 69 69 65 68 72 70 71 73 77 80 83 86 87 85 85 85 81 75 70 65 61 55 54 
p: 200 198 197 181 192 206 202 209 209 227 239 254 273 274 269 276 273 254 227 213 200 187 175 158 

--------------------

fig1
g: 135 129 128 174 183 140 129 126 82 62 70 68 66 46 86 91 131 157 164 166 145 138 131 134 
c: 67 66 66 61 65 58 56 55 56 62 63 62 60 55 58 65 71 72 73 68 63 60 63 60 
p: 225 219 218 199 213 185 174 176 177 192 190 178 176 156 176 201 221 222 229 211 190 188 191 179 

--------------------

fig1
g: 87 113 95 110 102 85 115 131 135 72 87 98 130 140 151 193 201 194 196 173 140 124 109 99 
c: 62 66 64 60 54 53 53 53 54 57 57 59 65 66 67 73 74 71 72 76 67 66 62 60 
p: 192 208 200 190 172 170 175 171 175 182 177 188 210 220 226 243 251 244 241 253 220 214 199 194 

--------------------

fig1
g: 118 88 43 47 53 63 62 74 62 87 84 87 83 97 98 98 96 99 116 88 83 82 97 118 
c: 66 60 59 61 55 50 52 46 50 55 58 60 65 70 76 81 78 72 70 71 69 70 67 68 
p: 193 183 183 187 163 153 162 139 152 172 174 177 188 202 223 238 236 229 231 233 228 217 207 208 

--------------------

fig1
g: 118 100 102 105 89 91 122 148 143 165 183 162 151 153 144 164 159 157 165 135 132 119 100 98 
c: 64 61 62 62 58 57 60 63 65 67 69 71 67 67 61 66 65 69 69 70 69 69 69 68 
p: 188 175 177 180 164 161 172 193 198 205 213 212 206 208 194 214 209 217 215 220 217 209 205 198 

--------------------

fig1
g: 122 119 127 139 143 186 179 167 177 182 185 171 168 159 161 159 171 171 189 178 179 172 175 176 
c: 59 57 56 57 56 56 55 51 54 56 58 56 57 61 67 65 67 66 66 64 63 60 63 62 
p: 182 179 177 184 188 186 179 167 177 182 185 171 168 184 201 199 211 211 204 193 194 187 190 191 

--------------------

fig1
g: 136 123 100 114 109 91 117 123 128 118 125 133 146 163 187 208 211 212 220 208 181 153 145 125 
c: 66 60 58 62 61 58 54 52 55 53 57 59 64 69 73 75 77 79 82 82 82 79 77 74 
p: 201 188 175 189 184 166 152 143 153 143 160 168 181 198 212 223 226 227 240 243 236 228 220 220 

--------------------

fig1
g: 80 88 78 78 49 75 91 86 78 85 106 108 121 110 129 135 159 129 156 103 93 89 81 55 
c: 59 59 55 58 56 58 54 53 52 56 57 62 67 70 76 76 77 74 74 77 75 70 67 65 
p: 180 188 178 183 164 170 151 146 148 155 156 168 181 195 214 215 214 209 206 218 208 199 191 185 

--------------------

fig1
g: 142 136 118 136 150 133 144 155 150 144 158 163 171 181 206 201 191 184 169 162 151 135 140 139 
c: 49 53 48 54 58 55 59 62 64 67 72 74 77 80 79 82 84 85 79 76 68 68 69 69 
p: 142 146 128 151 165 163 174 185 195 199 213 218 226 236 236 241 246 244 229 222 201 205 210 209 

--------------------

fig1
g: 104 107 99 104 107 71 73 84 78 88 73 81 132 131 121 110 88 76 83 81 103 113 113 81 
c: 71 71 65 66 68 66 66 67 69 71 71 74 75 72 65 61 60 64 63 62 65 70 70 70 
p: 234 237 219 224 227 221 213 214 218 223 228 241 252 241 216 195 193 201 193 186 198 213 213 201 

--------------------

genType: 1
distType: 1
END

fig1
g: 93 80 78 61 85 72 72 43 20 28 21 56 62 78 104 98 95 99 94 110 93 105 117 123 
c: 51 45 43 39 38 35 30 30 34 38 43 47 48 53 60 64 63 63 59 60 53 50 52 51 
p: 163 145 143 121 115 102 87 83 95 98 111 126 127 148 174 188 185 189 179 185 163 155 157 158 

--------------------

fig1
g: 37 46 65 35 57 67 74 51 30 36 31 28 35 28 28 22 18 38 37 73 98 103 112 70 
c: 41 43 39 36 35 35 39 41 40 41 36 30 37 37 40 41 38 35 42 46 49 48 50 47 
p: 117 126 115 105 102 102 109 111 105 111 106 93 120 118 128 127 123 113 132 138 153 153 162 145 

--------------------

fig1
g: 103 107 94 85 84 73 64 57 78 64 60 56 60 67 51 71 80 104 104 112 145 140 134 112 
c: 39 38 35 33 35 32 32 28 31 31 30 33 40 38 40 46 44 47 48 52 49 51 48 42 
p: 133 132 119 110 114 103 104 97 103 104 100 106 125 117 126 146 140 154 154 162 150 150 144 122 

--------------------

fig1
g: 105 98 106 101 105 105 118 117 131 142 143 143 163 152 169 186 164 170 157 145 138 133 119 108 
c: 38 36 39 35 36 36 40 41 45 47 46 47 51 45 49 54 48 49 44 42 44 43 40 37 
p: 105 98 106 101 105 105 118 117 131 142 143 143 163 152 169 186 164 170 157 145 138 133 119 108 

--------------------

fig1
g: 73 70 66 44 58 57 41 56 57 56 64 67 71 90 102 108 101 98 89 72 58 78 71 101 
c: 40 40 40 35 37 33 39 40 40 46 52 57 54 52 46 44 41 41 37 33 29 36 34 40 
p: 118 115 111 89 93 82 101 106 107 131 149 167 166 160 137 133 126 123 104 87 73 93 86 106 

--------------------

fig1
g: 124 113 110 99 84 67 60 57 60 71 61 77 72 96 97 114 121 121 105 101 102 96 89 106 
c: 45 41 42 39 34 27 25 23 24 30 26 34 33 40 41 44 46 45 39 41 41 42 38 46 
p: 124 113 115 104 89 72 65 62 65 76 66 92 87 111 112 119 126 126 110 116 117 116 109 136 

--------------------

fig1
g: 116 130 115 124 120 111 98 85 84 85 73 57 69 66 83 80 96 88 98 106 109 101 101 102 
c: 41 43 38 45 44 43 40 37 42 42 38 38 40 39 46 45 51 46 51 47 48 47 45 47 
p: 116 130 115 144 140 136 123 110 119 120 108 107 119 116 133 130 156 143 158 146 149 141 141 142 

--------------------

fig1
g: 46 50 30 62 81 73 82 69 47 44 43 40 39 21 27 29 59 43 66 49 54 54 92 81 
c: 56 54 51 48 48 44 45 40 38 37 44 41 50 54 57 62 62 57 55 50 51 54 52 47 
p: 166 160 150 132 136 118 122 109 107 109 133 125 144 161 167 184 184 168 166 149 154 159 152 141 

--------------------

fig1
g: 127 116 105 101 112 112 125 132 128 121 126 126 126 158 140 147 141 129 151 142 130 121 109 110 
c: 53 48 45 42 45 42 48 50 51 46 47 52 51 58 57 61 60 57 57 54 52 49 46 47 
p: 152 141 130 126 137 132 145 157 153 141 146 151 151 183 175 187 181 169 166 157 145 136 124 135 

--------------------

fig1
g: 131 125 148 130 118 117 110 108 87 97 89 121 145 143 140 150 130 134 119 109 100 109 104 100 
c: 50 53 58 55 51 51 48 45 46 49 45 47 54 53 58 65 60 60 54 50 50 51 52 51 
p: 141 155 178 160 148 147 140 138 137 152 144 156 180 178 190 205 185 189 169 154 150 154 149 145 

--------------------

fig1
g: 110 99 87 68 59 42 42 56 62 80 95 89 77 92 80 90 69 82 84 92 79 55 52 51 
c: 47 50 48 40 32 30 29 27 32 38 43 42 46 52 57 61 65 57 57 58 56 49 42 47 
p: 145 154 147 123 94 87 87 81 92 110 125 124 137 152 165 190 204 177 179 187 174 145 127 136 

--------------------

fig1
g: 141 107 106 85 91 103 103 84 72 62 30 43 74 79 102 85 90 120 110 118 118 120 108 85 
c: 51 46 41 39 40 38 37 34 31 35 38 41 48 49 51 51 51 55 57 60 60 57 59 57 
p: 156 142 126 120 126 118 118 99 87 97 110 123 154 159 162 160 165 175 185 193 193 180 183 180 

--------------------

fig1
g: 76 77 76 56 28 31 26 22 52 72 115 120 121 144 104 93 92 110 102 89 78 91 81 57 
c: 33 29 26 28 28 29 29 28 35 43 49 51 59 61 55 52 53 52 49 44 39 41 39 35 
p: 106 87 76 81 78 81 81 77 107 137 155 160 186 194 179 168 167 160 152 139 128 131 121 112 

--------------------

fig1
g: 60 57 63 52 63 66 83 62 72 73 81 68 69 92 116 122 106 102 95 93 91 132 107 112 
c: 52 46 52 50 53 43 41 40 40 41 47 54 53 54 60 61 58 56 60 65 67 65 58 56 
p: 150 137 153 147 158 131 123 117 112 113 131 158 159 162 186 187 181 177 190 208 211 207 182 177 

--------------------

fig1
g: 97 100 76 74 88 79 67 59 46 62 54 72 74 65 84 104 110 117 127 106 90 71 65 57 
c: 48 46 52 57 53 51 46 43 38 44 52 59 54 51 50 51 55 54 50 46 47 47 46 43 
p: 167 160 181 194 183 174 157 144 121 137 159 177 154 145 149 149 155 162 147 131 140 136 130 122 

--------------------

fig1
g: 51 43 44 42 36 38 47 56 70 42 46 60 62 57 48 49 50 37 36 31 24 33 28 18 
c: 22 21 22 22 23 22 21 19 23 21 23 27 29 31 32 35 38 38 36 36 35 31 29 28 
p: 61 58 59 62 61 63 62 56 70 67 71 85 87 92 93 99 105 102 96 91 89 78 73 68 

--------------------

fig1
g: 110 108 87 77 70 51 41 57 68 90 107 109 92 103 109 99 110 105 125 126 126 117 120 115 
c: 47 45 39 35 33 32 29 29 29 35 39 40 46 53 58 63 61 60 57 55 51 47 48 47 
p: 135 133 112 102 95 91 81 82 88 110 122 124 142 163 179 194 180 175 165 166 151 142 145 140 

--------------------

fig1
g: 30 37 51 39 31 32 41 48 63 79 83 85 108 90 82 64 68 70 63 84 101 74 79 68 
c: 54 48 41 35 31 29 32 32 35 40 45 45 52 58 61 57 58 57 56 58 64 59 56 53 
p: 135 127 111 94 81 77 86 93 108 124 133 135 158 185 192 174 178 175 168 169 186 169 159 153 

--------------------

fig1
g: 108 107 100 74 58 93 83 94 96 113 132 150 165 182 196 202 189 170 167 151 134 149 140 126 
c: 36 36 37 35 30 34 38 37 37 41 48 54 59 66 73 73 73 66 66 62 57 54 52 46 
p: 108 107 110 109 93 108 123 124 126 138 157 180 195 212 226 227 224 205 202 186 169 159 150 136 

--------------------

fig1
g: 63 65 75 75 67 81 49 52 65 91 108 103 113 100 100 112 116 90 99 96 109 108 104 119 
c: 33 35 38 37 33 37 38 38 43 48 53 48 49 53 53 61 61 59 55 54 52 49 48 48 
p: 108 110 120 115 107 121 124 117 130 141 158 143 148 160 160 187 191 180 164 161 154 148 144 149 

--------------------

genType: 1
distType: 2
END

fig1
g: 102 94 100 105 112 113 93 80 104 125 100 119 135 147 158 145 128 129 135 135 139 142 146 168 
c: 70 65 66 69 71 70 67 65 69 68 70 74 76 79 82 75 76 76 74 72 71 70 67 72 
p: 192 184 190 195 202 203 183 175 179 185 190 189 195 207 218 205 208 209 210 210 214 207 206 223 

--------------------

fig1
g: 137 136 154 153 157 109 124 144 149 156 181 185 207 195 222 224 212 198 184 173 145 142 140 139 
c: 69 69 69 72 74 70 59 60 63 67 73 76 76 75 82 79 82 85 82 82 80 73 73 71 
p: 212 211 214 223 222 204 169 169 174 186 206 210 217 220 242 244 252 263 249 258 255 232 230 224 

--------------------

fig1
g: 78 71 108 94 67 82 53 90 112 134 184 171 209 188 133 123 132 86 107 96 80 81 77 62 
c: 77 79 73 74 73 73 73 76 76 76 80 81 83 82 83 85 82 81 87 86 80 80 83 81 
p: 223 236 223 224 222 232 223 235 232 234 249 251 259 253 263 268 252 246 267 256 235 236 242 232 

--------------------

fig1
g: 163 168 161 134 124 132 128 150 154 148 151 165 165 171 170 188 186 200 195 187 176 159 157 158 
c: 57 58 57 56 57 59 56 57 60 60 62 69 69 71 68 72 66 66 66 63 67 65 64 63 
p: 178 183 176 164 164 172 168 175 179 183 186 200 200 206 205 223 201 200 195 187 196 194 192 193 

--------------------

fig1
g: 122 106 102 116 94 76 87 97 137 155 146 122 114 125 131 141 129 132 132 138 144 147 163 171 
c: 72 69 66 61 63 57 61 61 66 72 73 77 78 80 81 83 70 69 71 74 73 71 69 71 
p: 212 201 197 181 194 181 192 197 212 230 231 242 239 235 236 241 199 202 202 208 214 217 213 221 

--------------------

fig1
g: 181 157 168 125 135 117 101 116 101 110 123 114 130 106 112 115 145 149 129 145 124 129 124 122 
c: 67 62 65 59 55 57 53 56 61 64 69 69 71 69 72 69 71 75 70 71 71 70 69 65 
p: 201 182 193 175 165 172 156 171 176 185 203 209 225 216 222 210 215 219 199 210 204 194 189 177 

--------------------

fig1
g: 88 79 69 85 63 89 74 71 77 86 105 103 100 73 100 84 117 107 101 105 109 110 94 99 
c: 66 63 65 66 67 65 66 62 64 67 70 71 77 81 88 87 84 83 81 79 76 73 71 67 
p: 193 179 184 185 188 179 184 171 177 186 195 198 215 228 240 244 237 232 226 220 204 205 194 184 

--------------------

fig1
g: 40 67 99 97 99 86 74 64 71 93 69 86 83 85 105 94 108 84 91 110 79 111 122 136 
c: 62 66 64 65 65 64 57 55 59 58 65 69 73 73 74 79 83 77 79 78 75 72 69 63 
p: 190 197 194 192 189 181 159 149 156 153 179 196 203 205 220 234 248 224 231 225 219 211 197 181 

--------------------

fig1
g: 122 131 129 136 120 125 121 124 122 107 112 111 117 130 155 172 143 148 163 158 135 115 113 124 
c: 68 71 69 66 63 65 64 59 65 68 71 73 78 77 77 80 74 78 77 75 74 67 66 65 
p: 202 211 209 206 190 195 191 174 182 182 187 186 207 215 215 232 218 223 213 208 205 185 183 184 

--------------------

fig1
g: 150 129 150 154 148 142 149 146 134 149 164 169 173 185 192 191 202 207 211 208 225 220 209 210 
c: 69 63 68 66 65 65 62 61 58 63 64 64 67 72 75 76 74 77 76 79 82 78 75 75 
p: 210 189 210 194 188 182 164 161 149 164 169 174 178 190 197 196 207 212 216 223 240 230 219 220 

--------------------

fig1
g: 136 115 110 93 129 118 107 129 146 165 175 179 174 155 165 168 166 164 135 129 166 145 145 143 
c: 67 65 63 62 62 62 61 63 66 71 72 76 79 78 81 84 89 85 74 69 70 68 67 64 
p: 216 210 205 198 199 188 177 179 191 210 215 224 234 230 240 243 256 244 215 194 206 200 200 198 

--------------------

fig1
g: 84 73 91 92 133 113 80 72 85 92 80 122 99 114 83 95 83 82 100 94 99 112 116 112 
c: 57 56 56 58 58 57 54 54 57 57 60 65 69 70 73 75 78 78 73 76 74 74 75 69 
p: 184 173 166 172 163 163 155 167 180 182 190 207 229 239 248 250 263 262 245 259 254 257 266 237 

--------------------

fig1
g: 153 177 187 183 173 157 142 149 146 140 159 139 149 173 166 174 130 119 115 122 122 115 114 127 
c: 76 76 76 75 68 68 64 63 62 59 66 67 71 78 74 71 63 58 62 62 62 62 64 69 
p: 238 242 232 228 198 197 182 189 186 190 209 209 219 243 226 214 185 179 185 187 187 180 179 192 

--------------------

fig1
g: 111 123 116 127 147 153 158 167 188 200 194 202 165 164 168 175 147 143 134 124 103 86 86 116 
c: 65 64 59 58 61 54 55 61 67 68 72 75 79 82 84 85 75 73 73 72 67 61 61 62 
p: 186 193 176 172 182 163 168 177 198 200 199 212 220 229 238 245 222 218 219 224 208 181 181 186 

--------------------

fig1
g: 136 122 94 100 107 86 85 100 114 110 135 144 150 154 145 162 164 167 157 155 161 157 163 154 
c: 74 72 69 74 69 68 68 66 68 72 75 75 72 77 82 82 81 76 76 77 76 75 76 73 
p: 231 222 209 215 202 196 200 195 199 220 230 234 225 229 235 237 239 232 222 225 231 227 233 219 

--------------------

fig1
g: 173 144 158 155 145 141 149 137 157 182 181 162 139 134 117 149 114 131 168 158 146 148 151 137 
c: 81 79 78 73 68 70 67 65 71 76 80 80 82 85 85 85 81 82 84 80 78 78 78 71 
p: 243 239 238 215 205 211 199 187 207 232 246 247 259 259 262 254 244 246 258 248 236 238 241 227 

--------------------

fig1
g: 92 87 65 61 98 59 74 107 70 64 87 72 57 61 65 54 72 89 107 87 76 106 109 92 
c: 71 70 61 63 55 54 56 56 55 61 64 67 70 70 76 75 77 80 79 78 75 73 75 68 
p: 212 207 175 176 158 159 164 162 170 189 202 207 212 211 230 224 227 244 237 232 221 206 209 187 

--------------------

fig1
g: 163 150 126 131 115 136 104 109 109 134 123 154 166 176 191 195 194 196 215 208 200 182 169 178 
c: 69 70 67 70 63 57 52 52 56 64 65 68 69 76 80 81 80 79 81 79 74 73 66 69 
p: 213 225 216 221 200 171 139 144 154 179 188 199 206 221 236 240 239 241 245 238 230 227 204 213 

--------------------

fig1
g: 59 90 77 54 58 52 65 80 66 54 48 51 55 77 116 119 126 128 119 110 57 59 86 92 
c: 63 64 63 68 66 65 69 69 69 76 80 85 88 89 86 86 76 78 76 72 65 68 67 67 
p: 179 190 192 209 208 207 225 220 216 234 243 261 270 262 251 249 216 228 219 205 192 204 211 217 

--------------------

fig1
g: 173 185 179 168 178 162 163 159 166 167 160 139 158 155 169 167 136 159 149 175 195 178 148 121 
c: 63 66 64 58 59 54 55 55 58 59 62 59 64 68 73 77 75 77 79 79 76 70 65 63 
p: 173 185 179 168 178 162 163 159 166 167 180 164 183 200 219 237 231 239 249 255 240 218 203 201 

--------------------

genType: 2
distType: 1
END

fig1
g: 47 42 55 43 35 51 48 51 47 62 107 126 102 94 122 117 109 115 109 92 87 111 112 92 
c: 37 39 36 32 31 33 32 30 37 41 47 53 53 56 60 60 62 63 61 64 64 59 53 48 
p: 117 117 105 93 85 91 88 86 107 122 142 161 157 164 177 172 184 185 179 187 182 166 157 137 

--------------------

fig1
g: 81 59 57 53 61 62 78 75 78 81 81 88 78 70 78 91 118 123 118 113 130 112 102 113 
c: 44 37 36 32 31 28 28 27 34 37 40 42 42 45 51 56 52 48 48 47 51 45 41 42 
p: 116 94 92 78 81 72 78 75 93 101 101 113 113 120 143 161 148 143 138 133 150 132 122 133 

--------------------

fig1
g: 142 127 108 105 91 100 80 89 94 101 97 103 116 126 143 140 136 115 121 102 99 89 82 78 
c: 43 40 36 36 35 31 26 28 31 33 32 36 44 47 52 53 52 46 49 42 36 33 30 30 
p: 142 127 108 105 106 100 80 89 94 101 97 103 126 136 153 150 146 125 131 112 99 89 82 78 

--------------------

fig1
g: 73 59 61 65 71 67 49 41 54 48 31 35 29 49 43 27 26 39 58 55 94 81 84 91 
c: 35 31 33 36 37 40 42 39 41 37 43 45 42 42 38 33 35 34 35 43 42 37 39 41 
p: 98 84 86 105 111 112 119 111 124 108 136 140 134 129 113 97 106 109 108 130 119 106 109 116 

--------------------

fig1
g: 53 32 43 37 23 28 57 52 45 44 49 43 20 35 24 23 29 26 27 36 75 69 87 76 
c: 38 37 38 35 38 38 34 32 30 29 35 34 33 40 36 38 38 37 36 41 42 41 38 36 
p: 108 107 118 112 118 123 102 97 90 89 109 103 100 120 109 108 114 116 117 126 120 114 107 96 

--------------------

fig1
g: 55 55 53 68 82 74 49 47 53 76 84 101 135 138 133 117 113 88 87 84 53 55 44 46 
c: 45 45 44 45 42 40 31 30 27 27 29 32 41 42 41 36 42 44 43 45 40 44 44 43 
p: 135 135 133 133 122 114 89 92 88 91 94 111 145 148 143 127 143 143 142 144 128 135 129 131 

--------------------

fig1
g: 86 99 104 98 98 101 104 88 89 88 71 54 53 69 84 100 102 100 104 104 112 103 102 112 
c: 40 43 43 44 44 45 45 44 41 39 36 32 33 34 40 45 45 43 44 43 45 44 41 38 
p: 116 134 134 143 148 151 149 143 129 128 121 104 103 99 114 125 127 120 124 124 132 128 127 117 

--------------------

fig1
g: 55 54 52 54 52 54 39 38 64 38 50 62 75 90 117 105 76 88 91 115 98 102 93 117 
c: 38 38 36 36 34 32 27 25 31 34 37 42 49 46 46 42 40 40 41 44 41 41 38 45 
p: 100 94 92 94 92 89 79 73 94 98 110 122 135 135 137 125 116 113 116 130 123 127 118 142 

--------------------

fig1
g: 58 55 38 45 75 54 48 48 44 54 63 62 65 100 95 115 129 120 115 112 97 68 64 64 
c: 27 28 22 24 24 25 23 24 26 33 37 37 41 48 48 54 52 50 48 47 42 40 37 37 
p: 83 90 73 80 85 89 83 83 84 109 118 117 120 140 140 160 154 145 140 137 122 113 109 109 

--------------------

fig1
g: 42 41 49 41 43 45 38 37 57 38 45 45 46 44 48 21 14 14 31 35 60 51 62 58 
c: 35 34 35 30 31 27 23 22 21 28 30 37 37 42 41 46 44 44 39 35 34 31 36 35 
p: 82 81 89 76 78 70 63 62 67 88 95 120 121 139 133 156 149 149 131 115 110 101 107 103 

--------------------

fig1
g: 47 37 17 19 61 82 104 95 138 156 130 119 121 100 139 117 112 113 96 79 74 72 52 59 
c: 46 41 42 43 38 45 51 47 53 57 61 62 66 73 72 73 70 68 67 64 59 52 54 54 
p: 137 127 132 134 116 137 159 150 168 186 200 199 221 235 229 232 227 223 216 209 189 162 167 169 

--------------------

fig1
g: 89 87 104 99 96 99 97 85 60 69 91 100 143 143 157 172 174 176 150 139 125 101 102 102 
c: 43 42 41 41 40 38 36 32 35 40 46 54 57 61 65 73 72 71 64 60 56 56 56 51 
p: 124 122 129 124 121 114 112 95 100 109 131 150 163 178 197 217 214 216 190 179 170 171 172 152 

--------------------

fig1
g: 48 69 91 92 87 88 87 76 32 37 34 37 43 43 49 64 110 106 116 118 135 128 130 108 
c: 44 41 44 43 42 37 33 32 33 41 46 46 46 50 55 61 66 64 61 63 61 59 58 51 
p: 108 104 126 122 117 108 102 101 97 117 129 132 138 143 164 189 210 206 201 203 195 188 190 168 

--------------------

fig1
g: 87 85 82 76 69 52 41 41 51 52 51 69 58 54 16 44 87 64 63 68 72 44 21 63 
c: 52 47 48 45 37 37 33 33 37 43 40 46 53 60 62 67 61 59 60 59 57 54 44 41 
p: 167 145 142 131 104 102 91 91 106 127 116 134 158 184 186 204 182 184 183 178 177 169 141 133 

--------------------

fig1
g: 51 57 45 47 45 47 48 75 83 82 77 56 49 49 78 80 68 74 100 105 79 68 63 66 
c: 37 36 38 35 34 32 32 36 36 44 43 49 47 48 54 59 59 57 56 59 59 55 53 51 
p: 111 112 115 107 105 102 103 115 113 142 137 156 149 149 158 180 178 164 155 160 159 148 143 136 

--------------------

fig1
g: 96 96 97 86 102 102 108 107 132 142 139 131 125 130 130 132 132 118 121 129 123 113 100 100 
c: 35 34 33 30 34 34 39 38 46 51 50 47 46 51 51 55 52 48 51 49 47 43 38 36 
p: 96 96 97 86 107 107 123 122 147 157 154 146 140 160 160 162 147 133 136 134 128 118 105 105 

--------------------

fig1
g: 126 146 125 101 96 89 84 62 75 104 104 93 106 101 106 98 89 102 86 93 88 63 63 72 
c: 47 48 41 35 33 41 40 34 42 50 52 49 55 52 57 64 67 63 57 53 47 42 39 38 
p: 151 151 130 106 101 124 119 97 115 144 144 133 146 141 156 183 199 182 166 148 138 118 108 112 

--------------------

fig1
g: 59 78 66 60 51 42 37 19 33 36 49 82 89 90 109 138 135 128 107 91 81 70 64 69 
c: 56 52 50 45 46 44 44 39 43 42 37 44 51 55 53 58 62 62 55 51 53 51 48 49 
p: 169 158 161 150 151 142 142 124 138 131 114 137 164 175 169 188 205 203 182 166 171 165 149 154 

--------------------

fig1
g: 37 31 34 46 27 29 40 62 69 65 82 78 75 72 96 97 97 92 84 102 97 102 101 87 
c: 29 25 27 33 35 35 33 32 32 32 38 37 36 35 37 35 36 35 32 39 36 37 37 33 
p: 97 86 89 101 107 109 100 97 94 90 107 103 100 97 101 97 97 92 84 102 97 102 101 87 

--------------------

fig1
g: 61 44 48 40 53 54 58 53 79 81 103 96 114 124 143 174 162 151 138 125 103 101 92 86 
c: 51 45 40 34 31 28 24 24 28 31 39 46 53 60 66 72 69 64 61 57 53 52 48 47 
p: 151 124 108 90 88 79 68 68 94 101 123 141 154 169 188 199 187 176 163 150 133 131 122 116 

--------------------

genType: 2
distType: 2
END

fig1
g: 138 112 124 151 167 134 122 147 143 161 150 150 139 154 142 130 126 126 146 155 158 143 141 130 
c: 70 62 65 70 76 71 70 72 77 80 76 78 76 77 76 79 74 72 70 75 68 72 71 71 
p: 208 182 194 211 227 214 212 212 228 246 235 230 219 219 217 230 211 201 201 210 188 208 211 215 

--------------------

fig1
g: 148 135 84 80 76 20 53 37 45 75 42 31 78 53 81 83 77 113 81 95 111 120 112 77 
c: 74 70 72 74 77 70 75 78 77 83 85 82 83 85 84 84 81 85 86 89 83 84 78 80 
p: 238 225 229 230 231 200 213 232 240 255 272 261 263 268 266 263 252 263 261 270 256 265 237 242 

--------------------

fig1
g: 147 161 134 136 127 100 102 118 125 164 149 156 177 184 173 185 197 207 228 228 224 208 177 190 
c: 85 86 87 88 89 85 86 83 80 85 83 81 83 81 81 82 86 85 83 83 82 79 76 81 
p: 252 261 264 266 272 260 262 258 250 264 259 246 252 244 233 230 247 247 253 258 254 238 227 240 

--------------------

fig1
g: 133 133 146 122 106 111 124 108 76 73 101 111 56 63 59 70 48 64 82 64 73 95 128 119 
c: 82 80 81 86 85 87 84 84 85 86 86 87 84 79 76 72 69 72 67 67 68 73 75 70 
p: 248 248 251 272 266 276 264 268 271 273 271 271 261 243 229 220 213 224 217 214 208 225 228 214 

--------------------

fig1
g: 168 158 155 155 117 104 106 129 155 131 133 137 131 139 111 96 115 91 110 104 114 101 99 87 
c: 74 75 70 75 70 67 69 66 68 63 64 68 69 66 66 65 70 67 71 70 68 69 70 67 
p: 243 248 230 240 222 209 226 219 230 206 203 207 211 199 191 196 215 201 220 219 219 226 224 212 

--------------------

fig1
g: 158 178 174 177 171 159 162 167 173 151 146 128 120 127 123 115 113 110 102 105 88 79 72 99 
c: 72 76 72 74 73 68 65 67 65 65 62 65 65 68 68 65 66 67 62 67 69 69 70 76 
p: 223 233 224 227 221 209 197 202 208 201 196 203 195 202 203 195 193 200 187 205 203 199 202 219 

--------------------

fig1
g: 122 153 136 148 149 134 126 120 122 125 118 133 166 166 145 128 106 125 93 106 103 80 97 102 
c: 85 84 84 87 87 85 83 82 84 79 75 73 69 74 77 78 73 79 81 80 80 74 78 80 
p: 252 263 261 273 264 249 246 250 257 240 233 228 211 231 245 238 226 245 253 251 248 225 242 247 

--------------------

fig1
g: 122 125 100 101 111 111 71 70 76 61 84 88 110 101 76 92 110 129 133 157 155 126 108 109 
c: 73 74 75 71 71 71 72 73 70 65 69 64 66 68 70 74 77 76 78 81 82 78 74 73 
p: 187 190 190 181 191 201 206 210 201 191 204 193 195 196 196 217 225 224 238 242 250 241 228 229 

--------------------

fig1
g: 204 212 189 189 192 184 166 169 182 185 220 212 211 207 198 177 171 190 178 162 181 176 165 180 
c: 79 82 73 74 77 82 82 84 83 81 85 90 89 90 84 72 69 76 73 72 71 71 72 75 
p: 244 252 229 229 232 249 251 249 247 245 260 277 276 272 253 227 221 240 228 212 206 201 190 205 

--------------------

fig1
g: 125 120 150 146 148 163 146 106 128 137 163 151 128 82 98 126 116 112 116 117 149 159 145 148 
c: 69 67 70 72 76 74 67 67 72 72 73 71 71 71 70 75 72 72 74 79 84 87 81 81 
p: 215 210 225 221 223 218 201 206 218 227 228 216 218 217 213 226 216 212 216 217 239 249 235 233 

--------------------

fig1
g: 156 147 163 170 148 162 183 192 186 168 171 172 182 176 150 152 175 166 168 179 176 153 154 170 
c: 75 74 73 72 68 67 69 72 75 69 74 79 82 83 74 74 76 74 77 80 82 75 75 73 
p: 221 212 208 205 188 187 203 207 221 203 216 237 247 241 215 217 235 226 228 239 251 228 229 220 

--------------------

fig1
g: 158 128 133 131 122 128 83 69 74 99 80 93 105 122 102 90 81 97 96 123 132 152 113 100 
c: 78 80 78 75 74 69 69 75 77 78 72 68 64 68 70 67 67 70 68 71 68 75 73 73 
p: 233 238 238 231 227 213 213 229 234 244 225 213 200 217 227 215 221 227 226 238 222 242 233 230 

--------------------

fig1
g: 134 109 139 140 160 161 151 131 147 174 195 186 170 160 155 144 139 130 108 103 118 142 128 136 
c: 71 77 78 82 81 84 80 78 79 83 84 87 86 88 85 87 83 81 79 78 72 75 72 71 
p: 239 259 264 275 275 276 266 251 252 259 260 261 270 275 270 269 254 245 238 233 213 222 208 211 

--------------------

fig1
g: 136 156 176 155 158 141 131 129 135 138 130 144 127 106 83 111 97 96 56 69 76 78 88 75 
c: 87 87 83 79 78 78 73 74 75 78 80 85 84 85 84 87 85 84 73 73 76 72 74 72 
p: 261 261 256 255 258 256 246 244 245 248 245 259 257 261 263 276 267 266 226 224 231 203 213 200 

--------------------

fig1
g: 97 90 42 68 82 72 48 49 48 46 61 45 63 55 58 42 54 57 85 108 56 73 63 56 
c: 72 68 65 60 63 64 68 68 72 76 74 77 81 82 81 86 82 79 77 81 78 82 78 80 
p: 217 210 197 173 177 182 198 199 208 211 206 210 218 225 228 242 239 227 230 243 241 258 248 251 

--------------------

fig1
g: 194 174 216 236 224 234 205 186 164 148 133 133 143 129 132 130 107 143 140 133 126 125 122 145 
c: 80 79 85 85 84 86 77 81 83 84 79 80 82 83 78 78 74 78 79 84 83 83 86 90 
p: 254 249 271 271 269 269 240 241 249 258 243 243 248 254 232 230 232 248 250 263 261 260 257 265 

--------------------

fig1
g: 132 123 137 159 203 217 216 225 213 201 231 210 206 215 200 202 198 178 200 208 227 225 227 199 
c: 82 79 79 78 76 77 82 82 84 83 84 82 79 79 77 74 78 73 77 79 82 83 86 80 
p: 242 233 232 234 228 242 251 260 273 276 281 275 271 275 260 242 248 233 240 253 262 270 272 244 

--------------------

fig1
g: 124 145 165 136 138 121 102 99 103 107 111 101 92 138 111 102 122 124 125 144 130 120 112 113 
c: 69 71 73 73 75 75 77 81 82 86 89 86 78 77 69 65 68 64 61 62 60 65 71 65 
p: 209 215 225 221 228 226 237 249 248 257 261 251 227 223 196 187 197 189 185 179 165 180 192 183 

--------------------

fig1
g: 88 99 77 104 119 122 147 132 128 146 150 158 164 184 173 178 174 176 183 168 146 135 131 125 
c: 73 76 70 73 72 72 77 78 83 83 84 80 69 71 71 69 69 70 67 70 75 72 74 71 
p: 213 224 202 219 209 207 217 217 238 246 250 238 209 219 218 208 209 211 203 213 226 215 231 230 

--------------------

fig1
g: 104 105 74 130 77 85 84 73 117 122 126 168 140 127 125 114 139 123 142 97 85 90 91 90 
c: 75 61 67 71 69 75 73 77 76 80 81 82 83 86 83 79 77 80 81 85 83 79 72 74 
p: 224 180 194 210 192 205 204 213 212 227 231 233 240 252 245 234 234 238 242 257 250 245 226 230 

--------------------

genType: 3
distType: 1
END

fig1
g: 45 43 39 42 55 58 65 56 44 48 59 68 92 86 61 78 57 79 83 112 114 110 138 126 
c: 43 48 46 46 52 55 54 59 55 59 64 58 58 52 52 48 41 42 39 45 48 47 51 52 
p: 125 138 134 137 155 158 160 171 159 173 179 163 157 146 141 133 112 114 103 127 144 140 153 156 

--------------------

fig1
g: 93 130 110 110 124 100 92 111 102 103 124 139 119 118 124 115 114 113 116 79 66 67 55 59 
c: 65 65 67 63 62 55 53 56 63 63 65 72 77 70 69 65 67 62 66 65 55 57 58 61 
p: 198 205 205 190 184 165 157 166 192 193 199 219 224 203 199 190 194 178 186 179 151 167 165 189 

--------------------

fig1
g: 87 67 90 95 99 85 88 94 70 87 89 78 66 67 76 60 50 49 87 97 86 98 109 114 
c: 62 59 63 64 55 51 50 46 39 41 41 45 45 43 41 42 48 57 64 67 64 60 64 62 
p: 197 187 210 215 184 170 168 149 125 127 129 138 141 132 126 125 145 164 182 192 181 168 184 179 

--------------------

fig1
g: 171 156 165 132 136 132 134 142 132 122 116 111 108 95 94 72 69 69 95 101 106 105 121 103 
c: 68 66 69 62 63 65 65 62 60 57 52 49 47 43 49 44 47 49 52 54 56 61 63 62 
p: 206 201 210 177 181 182 184 172 167 157 151 146 143 130 154 132 139 144 155 161 171 185 191 188 

--------------------

fig1
g: 134 121 121 104 97 116 105 104 113 108 98 126 131 96 93 104 109 105 106 123 113 111 116 110 
c: 63 60 56 63 65 69 66 66 69 66 61 61 66 58 58 62 55 53 57 55 61 59 64 60 
p: 179 166 156 174 177 186 175 169 178 173 163 166 176 151 148 159 149 145 156 148 158 156 166 160 

--------------------

fig1
g: 130 134 135 145 134 112 106 110 109 93 96 91 92 119 111 92 104 93 112 133 134 140 132 133 
c: 57 56 58 61 54 48 45 43 36 31 33 32 32 41 37 40 44 44 45 53 51 53 57 57 
p: 170 174 175 185 159 137 131 130 109 93 96 91 92 119 111 132 144 143 147 168 164 170 182 183 

--------------------

fig1
g: 133 120 109 90 88 90 106 117 118 98 103 124 129 129 130 129 139 151 172 185 183 195 202 203 
c: 60 57 55 49 48 41 46 53 52 49 46 52 51 48 48 49 53 60 65 65 66 69 63 62 
p: 198 185 174 155 158 135 151 177 163 158 143 164 159 144 145 149 159 186 207 205 203 215 202 203 

--------------------

fig1
g: 69 63 72 73 69 88 127 121 119 127 127 141 135 132 129 120 126 121 127 110 105 108 117 116 
c: 37 42 43 42 49 49 54 58 57 60 64 62 67 66 64 55 57 55 51 47 44 44 40 41 
p: 114 128 117 113 134 133 152 166 164 172 187 181 195 192 189 165 171 166 147 130 125 128 117 116 

--------------------

fig1
g: 148 163 156 159 163 178 194 203 203 208 194 191 201 200 198 210 207 204 196 151 134 129 147 154 
c: 62 67 65 67 70 73 75 72 73 74 68 68 69 69 68 71 73 77 75 63 58 61 64 62 
p: 188 203 196 199 203 218 229 228 228 233 219 221 231 230 228 240 242 254 246 201 184 179 197 184 

--------------------

fig1
g: 56 59 33 38 14 18 31 60 47 46 63 68 63 57 87 29 54 32 49 30 55 78 72 99 
c: 69 63 60 58 64 56 62 64 68 67 66 70 62 59 54 57 61 61 66 65 62 61 66 73 
p: 206 184 178 173 184 168 186 190 192 191 178 188 168 157 142 149 159 162 179 185 170 173 187 214 

--------------------

fig1
g: 75 83 71 75 62 97 126 124 116 98 78 55 55 59 75 107 119 101 93 94 75 75 77 48 
c: 55 57 57 57 52 51 50 49 48 49 47 47 53 56 63 59 58 60 62 61 62 58 54 48 
p: 170 173 181 185 162 157 156 154 146 148 143 140 155 159 180 167 159 171 178 179 180 170 152 133 

--------------------

fig1
g: 128 114 81 80 105 107 127 150 167 191 198 194 173 154 137 130 127 133 126 147 165 164 180 154 
c: 66 69 71 70 72 70 66 69 68 74 68 63 57 57 51 50 47 50 49 53 59 66 71 67 
p: 208 219 221 220 225 227 212 210 207 231 218 194 173 169 152 150 147 153 146 162 180 204 220 214 

--------------------

fig1
g: 33 28 48 58 45 64 61 35 49 60 69 94 113 109 100 95 99 58 92 80 95 86 99 66 
c: 46 50 52 56 59 54 57 57 54 59 59 60 64 61 58 56 52 49 46 41 40 43 41 40 
p: 123 138 143 158 175 164 166 170 164 185 184 184 198 194 185 180 169 153 137 125 120 136 134 126 

--------------------

fig1
g: 91 79 77 82 94 73 81 86 82 102 106 108 141 150 121 120 128 110 98 115 125 119 114 104 
c: 49 50 49 56 53 53 54 57 55 60 59 60 63 62 59 56 58 53 49 49 49 51 54 49 
p: 151 149 142 167 154 148 156 161 157 177 181 183 196 185 171 160 168 150 138 140 140 149 159 149 

--------------------

fig1
g: 60 63 68 87 83 64 72 77 72 91 97 104 89 73 80 79 78 76 110 106 108 81 74 81 
c: 59 64 60 66 69 65 63 60 58 58 61 60 61 56 60 60 54 46 53 58 61 65 61 64 
p: 195 203 193 212 218 199 197 187 182 171 182 179 179 163 180 179 163 136 155 171 183 206 199 206 

--------------------

fig1
g: 72 71 89 78 80 76 65 78 54 47 50 57 67 63 98 104 106 73 87 76 79 99 89 108 
c: 80 74 69 60 53 53 49 53 56 49 52 50 53 51 53 55 59 62 66 63 66 65 70 75 
p: 252 226 209 178 155 166 155 168 174 152 155 147 157 153 168 174 186 198 212 206 209 209 219 238 

--------------------

fig1
g: 57 71 98 58 69 51 73 93 94 115 109 92 87 79 94 139 161 150 147 145 149 160 167 149 
c: 56 54 54 56 62 57 60 60 61 61 62 58 58 55 61 67 65 62 62 56 51 52 57 52 
p: 177 171 173 173 189 171 188 183 184 180 184 167 172 164 179 204 206 195 192 165 154 160 172 154 

--------------------

fig1
g: 110 106 90 78 68 98 86 85 96 92 97 110 121 108 111 106 107 124 132 122 109 106 113 117 
c: 50 48 44 44 41 47 42 36 36 37 35 37 37 38 41 38 43 48 55 56 51 50 47 48 
p: 160 156 140 133 123 143 126 110 116 112 112 125 121 123 126 121 132 144 162 162 149 146 133 137 

--------------------

fig1
g: 129 132 150 135 139 141 135 150 160 181 167 150 142 131 156 174 165 168 174 172 155 126 117 135 
c: 67 70 72 70 74 73 73 79 70 72 61 58 56 50 55 60 61 64 62 65 62 59 56 62 
p: 179 192 200 185 204 206 210 225 195 206 182 170 162 151 176 194 200 203 194 202 185 181 172 190 

--------------------

fig1
g: 157 146 121 117 126 142 161 177 188 209 205 197 190 187 186 168 161 159 157 178 194 182 158 123 
c: 58 56 54 56 59 66 73 78 83 86 86 82 79 75 76 70 66 67 67 70 69 66 63 53 
p: 172 161 146 152 161 182 201 217 233 249 245 237 230 222 226 208 201 199 202 213 204 192 193 158 

--------------------

genType: 3
distType: 2
END

