fig1
g: 5 10 8 11 2 2 1 5 5 5 0 4 0 4 5 4 8 5 9 10 14 7 4 9
c: 1 3 4 6 9 12 17 21 24 27 32 27 31 23 22 20 19 17 15 13 9 4 2 3
p: 5 10 8 16 22 32 56 60 70 90 105 89 100 74 75 69 58 50 44 40 24 7 4 9

--------------------

fig1
g: 4 5 7 9 4 8 6 5 1 5 4 0 4 6 2 4 13 6 15 10 13 11 12 23
c: 1 2 3 5 8 12 17 24 30 37 43 49 55 64 67 68 70 68 65 60 56 54 50 47
p: 4 5 7 14 24 38 56 80 101 130 144 160 179 211 217 214 228 221 210 195 183 176 162 153

--------------------

fig1
g: 2 6 9 10 4 12 1 2 0 1 3 1 1 0 3 1 2 9 10 9 9 13 11 23
c: 1 2 3 5 8 12 17 24 30 37 45 48 54 60 66 70 74 71 70 66 57 51 47 45
p: 2 6 9 15 24 37 51 72 80 106 128 136 151 175 198 206 212 204 205 194 164 143 136 128

--------------------

fig1
g: 5 7 12 17 11 6 7 10 9 10 4 6 8 10 10 1 5 3 4 1 3 3 0 0 
c: 1 2 3 4 5 7 9 11 12 14 16 18 21 23 27 32 36 40 45 48 50 53 57 62 
p: 5 7 12 17 16 21 27 35 39 50 59 66 78 85 100 111 120 128 139 141 143 148 165 185 

--------------------

fig1
g: 4 9 12 15 10 8 12 4 7 7 6 11 5 6 3 4 4 8 4 4 1 1 2 4 
c: 1 2 3 4 6 8 10 11 11 14 16 18 21 25 26 30 32 38 43 49 52 57 67 66 
p: 4 9 12 15 25 33 42 44 42 52 51 56 65 81 88 99 99 113 129 144 151 166 197 189 

--------------------

fig1
g: 4 0 6 4 5 0 1 2 4 3 10 3 0 7 3 3 3 3 10 7 4 1 3 18 
c: 11 20 28 33 31 31 36 37 41 52 48 49 54 50 50 53 51 62 30 31 31 39 47 41 
p: 34 55 81 99 95 95 106 117 129 153 145 148 165 157 158 163 148 168 65 67 74 91 123 108 

--------------------

fig1
g: 4 0 3 7 8 8 8 7 8 3 6 5 7 7 6 13 1 3 7 0 3 9 5 9 
c: 9 17 25 30 31 33 33 36 37 41 44 44 38 38 40 36 42 50 45 50 53 48 54 55 
p: 24 45 68 82 78 83 83 97 103 118 126 120 107 107 116 103 121 143 132 155 163 154 180 184 

--------------------

