fig1
g: 7 3 5 4 5 2 5 0 6 11 6 4 2 5 2 0 9 3 11 12 3 0 7 1 
c: 58 55 51 52 49 50 51 54 54 51 51 56 58 63 69 72 70 68 62 60 62 60 62 65 
p: 172 163 155 159 150 152 155 160 161 146 141 159 162 180 207 210 204 198 176 167 173 170 177 191 

--------------------

fig1
g: 8 19 8 7 8 8 5 5 3 7 3 3 5 4 1 1 6 4 15 7 3 3 10 4 
c: 63 61 55 51 44 43 40 40 39 41 42 47 49 54 60 65 64 56 54 53 52 50 51 50 
p: 183 174 158 142 123 128 115 115 118 122 128 143 150 174 186 196 191 169 165 162 163 153 150 144 

--------------------

fig1
g: 5 27 16 18 9 4 6 0 6 4 4 2 2 5 4 4 16 12 11 13 10 12 8 3 
c: 52 48 48 45 46 50 51 56 58 59 61 64 65 66 69 77 71 70 65 60 58 54 54 58 
p: 160 147 146 138 139 154 161 180 186 194 194 197 202 215 229 254 231 227 216 198 190 177 173 183 

--------------------

fig1
g: 2 7 6 17 8 5 6 3 3 4 1 1 2 3 0 4 18 9 8 5 10 7 0 6 
c: 50 47 48 42 38 39 41 43 43 44 48 51 53 58 62 68 63 61 59 58 50 51 54 57 
p: 157 147 151 132 128 135 136 143 148 149 156 161 157 168 180 189 178 169 163 165 145 152 165 181 

--------------------

fig1
g: 18 10 10 7 1 6 10 8 3 3 3 8 2 1 3 4 4 7 9 4 2 2 5 2 
c: 56 55 49 45 45 43 45 45 43 46 49 49 51 52 56 60 60 56 54 52 53 56 55 57 
p: 173 170 150 142 136 126 130 118 118 123 128 123 127 131 143 159 159 142 139 139 142 152 160 167 

--------------------

fig1
g: 9 3 4 6 5 6 2 2 2 9 9 8 4 1 4 2 11 5 12 10 10 6 0 3 
c: 51 50 51 48 47 49 53 53 54 55 54 54 58 63 68 75 72 67 62 61 58 60 60 64 
p: 139 138 139 131 130 136 147 142 147 139 144 148 154 166 184 202 201 190 177 175 175 186 190 203 

--------------------

fig1
g: 6 11 16 12 4 4 3 5 4 6 6 5 1 2 4 0 23 13 6 3 7 3 0 0 
c: 58 56 53 50 47 45 44 44 46 49 51 53 57 61 65 71 65 61 62 64 63 63 61 63 
p: 176 166 156 152 149 149 138 145 154 166 171 175 186 202 209 225 203 188 191 193 202 208 195 195 

--------------------

fig1
g: 10 8 28 12 6 1 1 5 3 2 2 2 7 2 0 4 19 5 10 11 4 1 3 6 
c: 55 55 50 44 42 42 47 53 51 52 55 57 62 65 71 76 70 66 56 49 47 49 51 54 
p: 180 183 168 147 141 136 146 165 163 167 172 182 202 217 230 254 229 220 185 171 169 171 178 186 

--------------------

fig1
g: 10 29 17 11 10 7 3 3 9 5 2 3 6 3 3 4 12 31 20 7 8 5 2 3 
c: 58 48 49 47 47 46 46 46 45 47 52 55 58 61 65 70 66 63 60 59 59 57 57 60 
p: 170 134 132 126 120 122 123 123 129 125 137 148 166 188 198 224 212 201 190 187 188 180 177 178 

--------------------

fig1
g: 13 6 6 5 6 10 4 5 4 5 10 5 0 7 0 2 9 10 0 16 13 4 4 4 
c: 51 49 49 50 48 45 43 50 49 50 48 53 58 57 63 73 72 69 67 63 60 59 59 58 
p: 158 156 161 165 156 145 139 155 159 165 155 165 175 162 170 202 199 195 190 181 173 174 174 169 

--------------------

fig1
g: 23 19 12 10 2 3 11 12 5 3 3 2 6 1 0 4 25 17 14 8 5 8 10 1 
c: 49 46 47 44 42 37 38 40 40 42 43 44 46 51 59 69 62 62 58 56 54 51 50 49 
p: 133 124 132 125 117 108 116 127 125 133 128 127 141 156 180 209 180 182 169 158 150 138 130 126 

--------------------

fig1
g: 16 11 7 6 24 16 15 5 3 2 2 3 2 2 2 5 15 9 6 6 6 6 10 4 
c: 48 47 46 42 41 42 40 41 41 43 47 47 51 54 61 67 64 62 61 57 54 55 54 55 
p: 141 141 137 131 119 121 120 115 118 122 132 133 142 157 182 210 195 189 186 171 161 171 175 174 

--------------------

fig1
g: 29 16 30 22 12 9 1 2 4 0 2 3 2 1 2 4 18 15 17 6 8 7 4 3 
c: 59 56 50 50 49 49 49 54 52 55 55 56 61 65 70 78 60 58 55 55 54 51 54 56 
p: 164 161 145 142 142 144 151 167 159 170 172 173 182 186 202 229 178 170 157 161 158 157 159 158 

--------------------

fig1
g: 3 6 8 12 20 4 3 3 1 9 8 4 3 7 2 4 2 8 5 7 3 5 7 3 
c: 53 50 46 45 43 47 48 49 49 50 53 55 56 57 62 68 65 62 65 62 60 60 58 55 
p: 163 161 143 137 125 139 143 148 146 154 168 169 163 172 187 199 192 183 190 177 173 170 157 158 

--------------------

fig1
g: 26 15 36 9 11 6 4 5 31 9 13 3 4 3 3 2 15 5 9 9 4 6 1 3 
c: 59 56 50 48 48 46 49 54 53 55 53 52 55 58 63 68 65 62 57 54 52 54 57 61 
p: 166 160 141 139 141 136 144 155 146 154 143 143 149 158 173 177 165 155 144 139 134 141 146 158 

--------------------

fig1
g: 8 6 18 9 3 0 4 5 5 4 1 5 1 1 0 4 2 9 14 9 4 4 5 5 
c: 52 48 45 40 44 41 44 48 47 44 46 49 54 56 60 66 64 62 61 57 54 54 56 57 
p: 163 156 143 129 143 135 139 155 150 139 141 145 156 161 170 189 187 179 174 159 159 154 160 155 

--------------------

fig1
g: 11 16 11 9 8 3 4 5 7 2 2 4 4 2 4 4 34 27 14 18 10 4 1 4 
c: 59 53 47 45 42 43 43 41 41 44 46 48 54 59 61 69 61 56 57 54 54 52 50 48 
p: 176 161 141 129 123 123 124 115 122 132 137 144 164 182 194 219 189 172 174 158 155 149 146 139 

--------------------

fig1
g: 6 32 11 13 9 7 2 4 5 4 6 4 3 4 1 3 6 11 5 14 9 1 4 3 
c: 57 54 54 49 49 44 42 45 45 45 47 50 52 55 63 68 66 64 63 58 58 57 55 60 
p: 161 152 156 148 149 137 137 139 140 139 146 159 163 164 181 183 181 176 175 159 154 151 144 158 

--------------------

fig1
g: 14 17 6 4 5 9 2 2 4 0 5 4 3 3 1 2 14 9 8 6 2 8 9 5 
c: 48 40 39 38 38 40 46 48 48 48 49 53 54 62 67 75 74 71 69 65 64 58 57 55 
p: 124 107 111 104 105 119 137 152 154 155 160 174 168 183 201 217 209 204 198 181 177 173 169 155 

--------------------

fig1
g: 15 9 10 13 11 10 4 3 3 9 6 3 0 1 3 2 5 7 5 6 8 5 4 6 
c: 58 52 49 48 41 41 42 40 41 42 44 47 48 53 56 61 61 58 57 55 53 54 56 60 
p: 165 139 125 118 96 100 94 88 93 99 106 123 130 146 153 172 175 167 165 156 158 155 149 166 

--------------------

fig1
g: 21 11 10 4 6 5 10 5 6 3 4 0 7 4 2 0 12 10 9 9 13 4 1 1 
c: 55 54 49 50 47 45 47 51 49 50 51 53 56 57 61 68 66 65 58 54 54 56 59 64 
p: 156 156 140 149 126 125 145 160 161 163 164 165 177 179 187 200 197 190 164 154 148 149 161 171 

--------------------

fig1
g: 6 14 11 3 7 6 7 1 1 6 2 3 3 4 4 2 10 19 9 20 4 2 2 4 
c: 58 53 47 44 41 41 40 45 46 47 47 49 54 60 63 69 64 62 59 52 51 54 53 54 
p: 161 144 131 123 107 111 107 121 126 131 132 138 143 164 174 187 170 164 149 125 124 132 137 139 

--------------------

fig1
g: 17 10 9 9 11 7 4 3 3 4 7 5 6 1 3 4 18 14 12 3 2 5 3 2 
c: 57 57 54 52 47 47 52 57 57 55 52 55 57 59 61 64 60 58 55 57 56 56 56 61 
p: 177 175 164 164 156 157 169 178 178 174 162 170 186 191 198 204 188 179 167 178 172 175 173 192 

--------------------

fig1
g: 10 10 7 10 6 7 6 7 6 6 5 1 2 3 1 1 7 7 8 10 8 1 3 7 
c: 55 54 53 51 48 48 42 44 46 45 46 46 52 54 60 66 61 56 55 51 49 52 56 51 
p: 170 165 167 160 151 157 131 137 146 136 130 126 152 163 181 186 172 162 163 150 148 156 173 157 

--------------------

fig1
g: 15 10 7 18 4 6 6 3 6 4 6 2 5 3 0 4 9 8 3 5 3 4 4 6 
c: 55 52 45 41 42 45 47 49 48 50 49 53 54 58 61 66 57 54 54 51 53 51 49 50 
p: 180 175 152 133 139 146 156 153 146 149 151 157 160 173 180 204 174 163 163 155 158 154 144 141 

--------------------

fig1
g: 14 12 10 25 8 8 2 10 8 7 3 1 4 2 3 3 24 15 13 12 4 3 3 0 
c: 54 51 48 43 40 39 40 44 46 47 51 48 49 51 53 60 57 56 51 52 53 50 51 51 
p: 154 142 135 120 113 103 102 120 123 127 138 141 149 152 168 183 174 170 153 157 159 153 153 150 

--------------------

fig1
g: 8 12 12 11 14 3 9 4 1 7 2 1 6 3 2 2 9 18 11 2 10 4 6 1 
c: 53 52 49 47 45 45 47 48 46 46 51 52 56 59 64 67 65 60 60 56 54 56 60 63 
p: 133 127 122 121 119 118 129 129 126 137 147 146 166 183 197 207 199 188 181 167 165 174 186 191 

--------------------

fig1
g: 4 4 3 12 7 6 5 3 4 2 4 4 4 1 2 4 9 15 7 5 10 3 8 2 
c: 55 49 44 41 40 38 37 39 39 41 43 47 52 55 60 66 61 58 59 57 55 56 53 55 
p: 159 149 138 122 122 116 115 128 129 137 144 154 169 171 187 199 184 175 177 175 165 168 158 167 

--------------------

fig1
g: 15 16 2 5 8 10 5 4 6 4 4 4 4 3 0 2 12 9 6 3 6 8 8 9 
c: 47 47 45 43 42 39 42 45 46 46 49 52 55 61 63 67 65 63 61 63 61 63 54 51 
p: 135 131 132 120 123 120 130 139 146 149 154 164 174 193 190 202 192 189 186 188 176 178 148 139 

--------------------

fig1
g: 7 9 8 6 11 5 5 7 8 4 4 0 5 2 2 3 6 6 6 4 11 5 7 6 
c: 48 46 43 42 39 39 40 40 41 45 46 45 49 55 65 71 61 61 59 58 54 51 55 62 
p: 157 154 148 146 136 135 140 137 143 159 164 160 170 187 222 238 206 206 196 194 181 170 177 206 

--------------------

