fig1
g: 7 25 21 14 13 5 9 3 0 7 1 4 1 4 3 3 4 7 20 26 48 60 35 17 
c: 39 31 28 29 27 29 24 28 35 41 50 56 63 68 72 74 74 70 69 64 56 50 49 42 
p: 127 100 86 89 83 85 64 78 105 137 171 194 211 229 238 243 239 232 220 206 173 150 150 127 

--------------------

fig1
g: 23 18 21 13 13 9 4 3 5 4 1 0 1 3 2 6 2 8 6 18 15 13 8 17 
c: 36 32 30 27 23 21 24 31 36 43 53 63 69 75 81 82 81 78 75 67 59 51 49 43 
p: 108 98 86 78 73 64 69 93 110 124 151 180 191 208 222 231 237 223 211 188 165 143 138 122 

--------------------

fig1
g: 18 11 10 8 5 5 10 1 4 3 2 2 4 0 4 5 1 11 18 14 16 37 40 37 
c: 40 35 31 30 27 30 27 31 35 42 51 60 66 68 73 78 80 81 76 67 61 57 52 47 
p: 123 111 100 98 90 100 85 101 109 133 152 177 189 190 204 220 226 236 218 194 181 167 150 137 

--------------------

fig1
g: 28 21 48 20 13 5 1 2 3 0 4 4 0 3 4 4 8 6 16 8 29 19 21 35 
c: 44 36 31 28 26 23 25 30 36 45 53 59 64 71 74 78 78 78 74 69 62 55 48 41 
p: 123 111 93 85 78 70 76 97 123 150 174 184 195 213 224 239 243 251 236 223 199 184 161 140 

--------------------

fig1
g: 19 11 23 5 14 3 1 4 5 4 2 1 2 4 3 0 14 13 11 22 21 44 55 30 
c: 38 34 31 28 25 26 28 31 37 43 50 59 64 71 76 81 83 78 76 71 62 55 51 46 
p: 124 111 103 95 84 83 86 94 110 129 147 166 177 199 218 240 254 238 231 217 186 164 150 135 

--------------------

fig1
g: 10 13 35 21 14 9 5 3 4 4 4 2 3 3 4 4 7 5 19 28 25 7 8 7 
c: 40 36 31 27 25 24 25 28 35 43 52 58 65 71 75 76 78 73 68 65 59 53 47 37 
p: 115 103 85 71 69 64 65 73 94 109 134 157 173 198 209 214 217 210 194 183 170 152 133 107 

--------------------

fig1
g: 11 18 22 14 8 4 2 4 3 4 1 2 1 8 0 6 4 4 4 8 24 22 42 46 
c: 46 40 33 31 31 28 28 31 37 44 49 57 62 67 71 75 79 76 73 69 60 59 56 51 
p: 136 123 102 94 93 84 87 94 113 134 136 152 166 183 200 216 224 219 214 198 169 167 152 141 

--------------------

fig1
g: 56 52 24 7 17 5 1 6 2 4 2 3 2 4 4 8 7 7 4 27 16 25 22 24 
c: 43 40 37 32 26 28 27 31 36 44 51 58 67 73 75 81 78 77 76 67 63 59 52 49 
p: 116 112 109 92 77 80 76 91 102 124 142 163 177 199 204 233 227 227 224 197 186 180 157 144 

--------------------

fig1
g: 14 16 14 9 14 8 0 9 5 0 0 4 0 4 1 5 2 6 11 21 31 37 47 39 
c: 35 34 31 26 23 22 25 27 34 41 51 61 70 77 82 84 81 79 75 69 58 54 49 44 
p: 104 101 94 79 69 68 75 89 110 130 155 184 215 244 261 265 262 256 246 226 186 172 157 139 

--------------------

fig1
g: 11 14 6 22 7 4 3 5 4 3 3 2 1 3 4 5 5 4 6 17 18 13 15 11 
c: 41 36 32 27 28 26 31 33 41 45 52 60 66 72 77 77 76 75 73 69 67 61 58 50 
p: 116 94 86 67 72 74 93 100 119 138 168 187 201 223 234 235 230 224 206 197 193 173 165 136 

--------------------

fig1
g: 15 23 21 4 5 8 3 1 1 0 3 4 4 2 2 4 8 17 4 8 11 9 14 21 
c: 42 37 30 30 27 28 28 34 39 45 53 61 69 76 82 83 78 75 67 68 66 62 60 53 
p: 115 103 86 89 75 83 83 106 126 145 168 189 219 237 252 259 243 232 204 208 201 184 184 156 

--------------------

fig1
g: 45 50 30 20 8 13 3 4 1 2 2 0 1 3 2 1 7 17 13 9 18 18 27 27 
c: 38 35 35 32 29 24 26 30 33 41 51 58 69 74 79 81 79 75 68 62 57 53 46 41 
p: 100 95 95 85 78 68 78 89 101 132 162 180 216 233 242 251 247 232 208 189 173 158 137 122 

--------------------

fig1
g: 39 17 10 16 17 4 8 6 3 1 1 4 0 7 1 6 7 8 5 11 58 36 32 32 
c: 44 41 35 29 26 25 26 30 33 42 51 59 69 77 80 77 76 76 75 71 65 59 51 49 
p: 129 122 100 81 77 79 83 101 108 136 166 189 215 247 261 251 252 258 255 241 218 196 172 162 

--------------------

fig1
g: 16 19 14 6 4 1 5 3 5 2 1 0 0 2 3 4 11 8 21 11 15 12 23 31 
c: 36 36 33 31 26 28 26 31 39 43 52 59 68 74 79 82 80 78 72 71 66 62 58 46 
p: 101 99 84 76 64 66 60 73 90 112 146 175 205 227 248 259 251 248 221 216 195 187 178 141 

--------------------

fig1
g: 14 9 16 6 19 9 5 1 2 2 1 2 3 4 4 6 6 5 10 13 20 30 16 14 
c: 37 34 28 29 27 24 25 30 36 43 50 57 66 74 80 82 80 80 77 69 67 57 50 43 
p: 104 99 86 86 79 74 75 96 122 142 171 197 218 244 259 271 266 265 255 223 215 185 166 144 

--------------------

fig1
g: 28 20 26 26 14 4 5 8 0 3 4 2 0 1 6 0 6 3 10 11 12 26 16 13 
c: 40 35 26 24 24 22 26 29 36 44 51 56 66 72 71 76 78 77 74 70 64 57 49 48 
p: 128 110 81 71 74 69 85 98 110 128 149 157 180 196 186 200 206 208 200 196 182 166 151 148 

--------------------

fig1
g: 12 14 24 15 17 4 7 2 2 0 1 2 2 2 3 3 2 5 5 8 8 23 23 25 
c: 41 38 32 30 27 25 24 30 34 44 52 61 68 72 78 77 78 79 79 73 72 61 56 53 
p: 117 109 94 90 77 74 72 92 107 130 151 177 202 217 233 238 242 245 245 233 228 198 178 175 

--------------------

fig1
g: 21 14 21 21 21 10 3 5 0 1 1 2 4 3 3 0 1 4 6 13 12 17 24 30 
c: 38 36 30 26 24 23 25 26 32 38 47 54 64 67 70 75 76 73 70 68 63 60 53 50 
p: 111 104 91 76 66 60 73 80 100 116 146 172 204 223 233 245 246 234 226 218 202 192 179 165 

--------------------

fig1
g: 11 12 16 22 12 6 1 2 3 1 0 3 4 2 1 2 2 7 6 28 16 19 28 19 
c: 38 36 33 27 22 24 27 30 35 43 51 59 62 71 74 77 76 69 70 65 61 56 48 43 
p: 116 112 101 87 72 76 86 102 108 136 165 188 194 222 231 247 247 217 221 203 186 174 148 139 

--------------------

fig1
g: 12 7 39 39 14 7 2 2 5 1 4 0 3 4 4 2 4 7 9 12 10 13 3 35 
c: 36 33 28 26 22 17 20 26 33 42 50 57 65 71 79 79 78 72 71 68 65 61 57 49 
p: 112 107 94 84 69 52 57 82 100 126 144 170 193 209 229 232 229 207 209 197 190 183 168 140 

--------------------

fig1
g: 13 14 20 23 35 13 8 4 2 2 2 1 1 3 0 4 2 6 18 13 21 9 23 13 
c: 34 29 26 26 23 26 28 32 35 44 51 61 68 75 81 79 81 80 77 73 66 60 52 45 
p: 108 99 90 83 70 83 93 99 107 127 147 181 211 228 250 244 247 251 238 228 206 184 153 133 

--------------------

fig1
g: 16 23 14 19 5 6 10 1 4 2 2 3 2 4 4 3 7 8 9 6 9 23 37 41 
c: 48 42 34 27 26 27 29 34 37 44 50 59 65 72 75 76 77 76 74 71 67 62 51 45 
p: 151 138 114 79 85 86 95 111 114 142 162 183 202 229 239 238 237 238 229 221 209 198 162 136 

--------------------

fig1
g: 9 28 22 9 8 6 6 2 0 5 0 4 2 1 1 3 3 17 51 28 28 14 27 30 
c: 38 31 28 27 28 26 29 32 36 43 49 58 67 75 77 80 78 73 69 66 58 52 46 41 
p: 104 83 77 74 73 66 71 82 100 120 140 169 197 226 226 233 238 222 201 188 168 154 142 125 

--------------------

fig1
g: 31 22 7 4 14 20 2 5 0 4 0 0 4 0 0 1 9 4 12 18 16 17 20 28 
c: 40 36 28 26 24 21 24 28 32 41 52 57 66 66 72 72 74 72 67 63 60 54 50 47 
p: 121 112 87 84 74 65 77 90 100 124 155 175 194 195 215 221 234 234 217 198 186 167 160 153 

--------------------

fig1
g: 7 18 15 5 6 6 8 5 2 1 3 3 2 3 4 2 0 11 15 10 28 11 22 17 
c: 41 36 30 26 27 28 30 32 36 44 48 57 64 72 76 78 82 79 72 67 62 55 50 45 
p: 122 108 90 75 76 76 83 90 112 141 148 178 202 218 229 237 250 236 220 205 188 166 147 137 

--------------------

fig1
g: 22 73 46 26 12 5 7 3 0 1 2 0 5 1 1 1 5 7 7 6 21 23 13 14 
c: 45 36 33 29 25 25 24 30 37 44 53 57 66 70 73 72 72 73 70 70 62 57 52 44 
p: 147 113 101 91 82 80 82 103 120 141 167 175 190 191 191 181 175 177 177 176 151 133 123 109 

--------------------

fig1
g: 13 27 15 10 25 20 7 4 0 1 4 0 3 3 2 4 1 5 7 12 30 9 3 29 
c: 49 44 36 34 30 24 26 29 35 42 53 57 65 70 75 77 77 75 69 61 56 49 44 37 
p: 153 142 120 110 90 65 77 79 95 111 144 160 173 193 212 214 216 215 197 172 155 134 118 94 

--------------------

fig1
g: 20 8 13 8 8 4 0 2 1 2 4 2 1 3 2 4 1 4 3 10 20 27 21 12 
c: 38 33 32 31 32 29 29 31 36 44 52 56 63 70 70 75 74 68 67 65 60 54 51 40 
p: 120 108 103 103 103 89 90 97 111 132 149 162 181 198 202 219 211 189 188 185 175 157 151 122 

--------------------

fig1
g: 16 27 19 22 15 11 11 4 2 3 4 2 3 1 1 1 9 2 13 20 4 11 14 15 
c: 34 25 23 18 21 23 21 28 34 41 47 55 63 69 72 75 79 79 76 69 63 57 52 47 
p: 101 77 69 52 60 66 66 89 107 128 144 177 198 206 221 226 239 232 223 205 184 156 144 135 

--------------------

fig1
g: 13 16 6 8 18 17 6 2 2 1 1 3 4 2 2 4 8 5 4 10 14 26 34 42 
c: 42 35 30 28 23 23 25 28 34 40 48 56 65 69 70 69 67 66 65 63 56 53 53 45 
p: 128 111 96 98 83 82 86 92 107 121 146 168 194 202 197 194 188 185 184 175 154 146 144 127 

--------------------

