fig2 (3 plot)
g: 1 4 4 5 3 2 2 0 2 0 1 0 1 0 2 0 0 2 8 2 5 2 3 4 
c: 1 2 3 5 8 11 16 22 29 36 44 52 58 53 54 55 55 57 42 41 37 33 32 32 
p: 1 4 7 14 21 32 50 69 92 105 124 144 169 157 158 153 150 158 116 110 101 92 90 91 

--------------------

fig2 (4 plot)
g: 2 5 8 13 12 7 3 4 3 3 3 3 3 2 3 3 3 2 4 15 14 13 15 15 
c: 1 2 3 5 8 11 16 23 30 37 46 52 55 63 63 65 61 60 59 55 48 45 42 37 
p: 2 5 8 13 20 27 43 68 87 115 139 151 155 174 171 175 163 162 160 139 126 121 111 103 

--------------------

fig2 (5 plot)
g: 3 8 11 5 1 10 4 5 3 1 4 3 2 1 0 0 11 6 8 13 16 12 21 12 
c: 1 2 3 5 7 10 15 21 27 36 44 46 52 54 55 60 58 58 58 54 46 43 39 37 
p: 3 8 11 20 26 35 54 70 88 116 139 143 162 166 165 175 166 166 163 158 131 122 116 112 

--------------------

fig2 (6 plot)
g: 4 9 12 22 16 13 4 5 3 7 5 1 4 5 5 4 10 8 9 31 31 30 26 34 
c: 1 2 3 5 8 12 16 22 29 37 44 49 53 57 62 67 64 60 59 57 50 47 45 44 
p: 4 9 12 22 28 43 52 71 93 115 131 139 148 155 173 184 178 170 165 157 139 132 128 124 

--------------------

fig2 (7 plot)
g: 3 7 8 15 12 11 7 4 4 3 4 7 1 3 11 10 17 13 17 15 31 20 38 38 
c: 1 2 3 5 7 10 15 20 28 34 43 48 52 56 61 65 59 59 57 55 52 46 36 32 
p: 4 7 8 15 19 32 42 53 81 101 130 147 169 178 200 213 199 202 199 190 178 153 122 108 

--------------------

fig2 (8 plot)
g: 4 8 12 19 19 6 12 10 4 5 4 3 8 7 1 2 12 13 10 15 12 18 9 14 
c: 1 2 3 5 8 12 17 23 30 35 37 46 55 54 57 59 62 61 59 58 55 51 44 42 
p: 5 8 12 19 27 38 52 66 84 93 92 115 144 151 161 162 172 165 162 159 156 146 129 126

--------------------

fig2 (3 plot)
g: 3 6 2 0 10 1 3 2 1 3 3 1 3 4 2 1 2 3 1 1 0 0 2 0 
c: 1 2 3 4 6 8 9 11 13 16 19 22 25 27 29 31 35 37 39 41 48 52 57 53 
p: 3 6 8 9 19 25 30 32 37 45 57 67 75 85 95 94 104 108 124 130 147 162 161 149 

--------------------

fig2 (4 plot)
g: 5 6 7 11 5 3 5 6 8 6 4 5 2 5 1 3 3 3 3 1 1 1 1 3 
c: 1 2 3 4 6 8 10 11 13 15 16 18 21 23 25 27 31 30 35 38 45 51 57 65 
p: 5 6 7 11 21 23 29 34 40 50 52 53 62 65 69 83 95 99 119 129 149 169 181 203 

--------------------

fig2 (5 plot)
g: 4 7 8 11 4 3 3 8 9 7 10 6 6 7 3 3 8 2 2 0 1 2 5 2 
c: 1 2 3 4 6 8 10 11 11 12 15 17 20 23 26 29 32 35 38 40 44 51 58 62 
p: 4 7 8 11 19 23 28 33 29 32 45 56 66 77 78 88 103 117 127 135 141 157 170 177 

--------------------

fig2 (6 plot)
g: 1 6 9 14 19 7 5 2 8 7 5 6 12 10 9 7 9 4 4 2 1 4 5 4 
c: 1 2 3 4 5 7 8 10 12 14 15 18 20 21 25 29 32 35 40 46 50 52 58 62 
p: 1 6 9 14 19 25 29 32 38 43 41 48 60 58 75 85 93 106 118 134 145 148 173 196 

--------------------

fig2 (7 plot)
g: 4 9 13 18 22 6 6 11 9 10 8 8 11 11 9 9 6 8 15 5 8 6 2 3 
c: 1 2 3 4 6 8 9 11 12 15 17 20 20 22 24 28 31 36 39 45 49 55 57 63 
p: 5 9 13 18 22 27 27 32 37 45 50 57 60 60 65 79 83 99 113 131 141 160 170 185 

--------------------

fig2 (8 plot)
g: 2 6 7 9 17 19 10 8 13 12 10 9 8 14 10 11 15 3 7 6 4 10 7 6 
c: 1 2 3 4 6 7 9 11 12 14 16 18 20 20 23 26 30 35 39 42 48 51 57 66 
p: 2 6 7 9 17 19 26 32 37 44 50 57 64 70 74 83 95 107 119 134 156 170 183 206 

--------------------

fig2 (3 plot)
g: 5 3 2 0 1 1 1 3 1 0 0 0 2 2 2 0 2 3 0 8 2 1 5 3 
c: 2 4 14 20 31 39 42 44 44 46 50 51 56 57 54 50 56 57 55 55 54 55 50 47 
p: 5 12 41 60 85 106 115 126 130 141 153 162 179 182 170 153 170 171 165 161 161 160 152 141 

--------------------

fig2 (4 plot)
g: 1 7 3 8 2 1 4 3 3 1 2 2 2 3 3 12 1 4 8 4 5 4 3 1 
c: 8 11 20 21 27 35 32 41 44 52 56 59 58 57 62 57 63 68 62 59 55 51 48 49 
p: 25 35 63 68 90 109 100 119 131 153 158 170 170 171 175 156 169 188 172 168 157 152 147 153 

--------------------

fig2 (5 plot)
g: 8 3 4 1 2 1 7 11 4 4 0 6 4 0 28 4 3 10 4 8 2 17 5 4 
c: 6 12 19 29 34 44 49 47 52 53 60 62 66 67 54 60 64 63 67 60 62 60 52 52 
p: 18 38 54 86 102 136 147 141 149 159 180 186 199 200 158 179 188 180 194 178 177 167 150 149 

--------------------

fig2 (6 plot)
g: 3 11 10 10 6 6 13 5 5 2 5 11 2 2 5 4 20 8 2 20 19 5 31 21 
c: 8 12 15 19 24 25 28 33 43 50 50 54 55 59 59 66 58 60 65 60 58 61 48 44 
p: 21 35 40 52 72 72 85 107 131 152 149 161 164 176 179 196 170 182 206 194 187 197 157 141 

--------------------

fig2 (7 plot)
g: 11 22 2 9 10 7 4 7 5 8 7 3 11 13 3 7 2 6 3 18 16 0 5 16 
c: 3 7 12 17 18 23 26 30 38 38 40 45 44 44 49 45 53 62 44 43 42 45 46 42 
p: 11 22 37 51 52 63 67 84 103 106 112 129 123 125 136 133 156 181 129 123 121 126 124 114 

--------------------

fig2 (8 plot)
g: 6 11 15 2 13 19 35 23 7 12 12 16 13 3 5 12 6 14 7 4 6 8 2 5 
c: 10 17 24 24 27 29 28 32 41 40 40 40 41 49 49 51 53 48 45 53 54 57 62 65 
p: 30 51 79 82 93 99 83 95 119 124 124 128 133 163 165 172 182 158 151 180 182 184 202 205 

--------------------

