fig1
g: 45 45 48 44 46 52 56 50 51 51 53 54 54 59 62 63 63 70 67 66 67 65 62 62 
c: 60 60 63 59 61 62 66 65 66 71 73 74 74 79 82 83 78 80 77 76 72 70 67 67 
p: 60 60 63 59 61 62 66 65 66 71 73 74 74 79 82 83 78 80 77 76 72 70 67 67 

--------------------

fig1
g: 36 30 30 38 37 41 42 42 38 47 46 47 49 42 43 42 45 43 37 49 42 40 35 35 
c: 71 70 70 68 67 66 67 67 68 72 66 67 74 77 78 82 80 83 87 84 82 80 75 70 
p: 71 70 70 68 67 66 67 67 68 72 66 67 74 77 78 82 80 83 87 84 82 80 75 70 

--------------------

fig1
g: 46 38 36 34 40 38 41 44 46 45 42 53 54 55 58 64 68 65 64 57 50 41 39 37 
c: 61 58 56 59 60 63 61 64 66 65 67 73 79 80 83 84 83 80 79 77 75 71 69 67 
p: 61 58 56 59 60 63 61 64 66 65 67 73 79 80 83 84 83 80 79 77 75 71 69 67 

--------------------

fig1
g: 52 49 46 52 51 54 54 50 53 53 57 62 71 74 66 57 54 55 52 48 38 45 49 48 
c: 67 64 61 57 61 59 59 60 63 63 67 72 76 79 81 82 79 80 77 73 68 70 69 68 
p: 67 64 61 57 61 59 59 60 63 63 67 72 76 79 81 82 79 80 77 73 68 70 69 68 

--------------------

fig1
g: 29 37 36 34 32 28 29 37 34 39 45 44 36 44 42 33 27 10 17 33 26 30 25 30 
c: 59 62 61 59 62 63 64 67 69 69 70 69 71 74 77 73 72 65 67 68 61 60 60 60 
p: 59 62 61 59 62 63 64 67 69 69 70 69 71 74 77 73 72 65 67 68 61 60 60 60 

--------------------

fig1
g: 34 46 48 51 56 56 62 66 63 65 66 68 57 56 53 58 58 52 49 43 45 45 44 44 
c: 64 61 63 61 61 61 62 66 68 70 71 73 72 76 78 78 78 77 74 68 65 65 64 64 
p: 64 61 63 61 61 61 62 66 68 70 71 73 72 76 78 78 78 77 74 68 65 65 64 64 

--------------------

fig1
g: 63 62 61 62 58 58 60 61 63 56 53 53 53 54 59 62 63 60 65 58 58 54 48 48 
c: 73 72 71 72 68 68 70 66 68 71 73 73 78 79 79 82 78 75 75 78 78 74 68 68 
p: 73 72 71 72 68 68 70 66 68 71 73 73 78 79 79 82 78 75 75 78 78 74 68 68 

--------------------

fig1
g: 54 54 47 42 39 36 39 34 44 41 44 44 47 48 49 53 55 57 54 61 59 60 58 52 
c: 64 64 57 52 54 51 54 54 59 61 64 69 72 73 79 83 80 82 79 81 79 75 73 67 
p: 64 64 57 52 54 51 54 54 59 61 64 69 72 73 79 83 80 82 79 81 79 75 73 67 

--------------------

fig1
g: 32 23 30 19 11 8 11 9 5 16 11 14 21 25 15 30 31 37 30 36 31 19 20 17 
c: 82 78 80 79 76 73 66 64 65 66 71 69 76 75 75 75 76 77 80 86 81 79 80 77 
p: 82 78 80 79 76 73 66 64 65 66 71 69 76 75 75 75 76 77 80 86 81 79 80 77 

--------------------

fig1
g: 37 37 40 37 43 40 37 44 47 58 51 48 47 51 52 57 59 57 49 48 46 49 49 47 
c: 67 67 65 62 68 65 62 59 62 63 66 68 72 76 77 82 84 87 79 73 66 69 69 67 
p: 67 67 65 62 68 65 62 59 62 63 66 68 72 76 77 82 84 87 79 73 66 69 69 67 

--------------------

fig1
g: 26 21 17 17 19 15 14 18 17 24 26 35 30 32 36 42 47 36 25 33 32 22 31 31 
c: 61 61 62 57 59 55 49 48 47 49 56 60 65 67 71 72 67 61 65 68 67 57 61 61 
p: 61 61 62 57 59 55 49 48 47 49 56 60 65 67 71 72 67 61 65 68 67 57 61 61 

--------------------

fig1
g: 34 37 31 27 24 22 21 20 16 26 32 24 29 35 34 35 36 30 30 31 23 23 23 26 
c: 59 62 61 62 59 57 56 55 56 56 62 59 59 65 64 65 66 65 70 66 63 63 68 66 
p: 59 62 61 62 59 57 56 55 56 56 62 59 59 65 64 65 66 65 70 66 63 63 68 66 

--------------------

fig1
g: 36 41 39 36 37 32 44 43 47 40 43 49 54 47 48 50 42 36 41 38 22 24 24 20 
c: 61 66 64 61 62 62 64 63 62 65 68 74 74 77 78 80 72 71 76 73 77 79 79 75 
p: 61 66 64 61 62 62 64 63 62 65 68 74 74 77 78 80 72 71 76 73 77 79 79 75 

--------------------

fig1
g: 32 36 34 36 41 35 38 37 41 38 32 28 32 30 33 28 31 35 32 29 32 28 24 22 
c: 57 56 54 56 61 60 58 57 61 63 62 68 67 70 68 73 76 70 67 64 67 68 64 62 
p: 57 56 54 56 61 60 58 57 61 63 62 68 67 70 68 73 76 70 67 64 67 68 64 62 

--------------------

fig1
g: 41 44 46 40 34 31 22 22 21 24 24 18 18 21 20 23 32 29 35 38 34 37 40 46 
c: 71 69 66 55 54 51 52 52 56 59 64 68 73 76 80 83 82 84 85 88 84 77 80 76 
p: 71 69 66 55 54 51 52 52 56 59 64 68 73 76 80 83 82 84 85 88 84 77 80 76 

--------------------

fig1
g: 39 39 36 29 23 25 29 35 33 25 31 31 40 39 37 38 42 40 37 43 54 55 57 53 
c: 69 64 61 59 58 60 64 60 63 60 66 71 70 69 77 83 82 80 77 78 79 75 77 73 
p: 69 64 61 59 58 60 64 60 63 60 66 71 70 69 77 83 82 80 77 78 79 75 77 73 

--------------------

fig1
g: 35 39 39 32 34 32 33 43 44 41 50 49 46 48 51 48 46 48 46 44 50 45 33 31 
c: 60 59 54 52 54 52 53 58 64 61 70 74 76 73 76 78 81 78 76 74 75 70 68 66 
p: 60 59 54 52 54 52 53 58 64 61 70 74 76 73 76 78 81 78 76 74 75 70 68 66 

--------------------

fig1
g: 29 28 33 29 28 22 27 23 23 24 29 31 31 38 40 34 31 38 32 35 44 33 35 29 
c: 59 58 63 59 58 57 57 58 63 64 64 71 71 73 75 79 81 83 82 80 79 73 70 69 
p: 59 58 63 59 58 57 57 58 63 64 64 71 71 73 75 79 81 83 82 80 79 73 70 69 

--------------------

fig1
g: 31 27 25 24 23 17 16 24 20 17 21 24 26 23 16 16 25 29 23 24 27 24 20 32 
c: 71 67 65 64 68 57 56 59 60 62 66 64 66 73 76 76 70 74 73 79 82 79 75 72 
p: 71 67 65 64 68 57 56 59 60 62 66 64 66 73 76 76 70 74 73 79 82 79 75 72 

--------------------

fig1
g: 39 47 56 60 55 51 55 56 59 57 59 58 57 58 56 61 62 61 65 47 53 49 49 44 
c: 69 67 71 70 70 71 70 76 79 82 84 83 87 88 86 86 87 86 90 87 83 84 84 79 
p: 69 67 71 70 70 71 70 76 79 82 84 83 87 88 86 86 87 86 90 87 83 84 84 79 

--------------------

genType: 2
distType: 1
END

fig1
g: 36 32 27 24 15 15 16 14 16 19 35 40 27 34 42 38 34 32 28 34 34 30 30 29 
c: 46 42 42 39 35 35 31 34 41 49 55 60 62 69 72 78 74 72 68 64 59 55 45 44 
p: 46 42 42 39 35 35 31 34 41 49 55 60 62 69 72 78 74 72 68 64 59 55 45 44 

--------------------

fig1
g: 39 33 31 27 24 14 13 13 10 14 14 22 25 34 36 33 32 28 28 25 24 23 22 28 
c: 44 38 36 32 29 24 23 23 30 39 44 52 60 64 66 63 62 58 53 50 49 48 42 38 
p: 44 38 36 32 29 24 23 23 30 39 44 52 60 64 66 63 62 58 53 50 49 48 42 38 

--------------------

fig1
g: 18 17 20 15 17 14 12 18 9 15 13 14 14 19 12 16 16 18 21 21 19 22 18 19 
c: 33 32 30 30 32 29 27 23 24 30 38 39 44 44 47 46 51 48 51 46 44 42 38 39 
p: 33 32 30 30 32 29 27 23 24 30 38 39 44 44 47 46 51 48 51 46 44 42 38 39 

--------------------

fig1
g: 29 36 38 44 43 41 40 36 36 35 37 37 37 40 38 36 35 37 33 35 32 29 27 30 
c: 34 41 43 44 43 41 40 41 41 40 42 47 47 50 48 51 50 52 48 45 42 39 37 40 
p: 34 41 43 44 43 41 40 41 41 40 42 47 47 50 48 51 50 52 48 45 42 39 37 40 

--------------------

fig1
g: 19 16 12 12 12 17 18 18 26 21 26 22 32 36 33 41 41 38 44 45 40 41 36 32 
c: 39 36 32 27 27 32 28 28 36 41 46 42 47 51 48 56 56 53 59 55 50 51 46 42 
p: 39 36 32 27 27 32 28 28 36 41 46 42 47 51 48 56 56 53 59 55 50 51 46 42 

--------------------

fig1
g: 31 27 24 29 25 23 30 30 32 34 39 38 39 41 48 47 48 49 49 38 46 47 42 40 
c: 41 37 34 29 25 23 30 30 32 34 39 38 39 41 48 52 53 54 54 48 46 47 42 40 
p: 41 37 34 29 25 23 30 30 32 34 39 38 39 41 48 52 53 54 54 48 46 47 42 40 

--------------------

fig1
g: 17 17 16 16 12 16 16 19 26 24 30 31 25 31 37 35 39 37 35 33 23 24 21 22 
c: 52 47 41 36 37 36 36 39 41 44 50 51 50 56 62 65 69 67 65 63 58 59 56 52 
p: 52 47 41 36 37 36 36 39 41 44 50 51 50 56 62 65 69 67 65 63 58 59 56 52 

--------------------

fig1
g: 22 24 19 26 23 22 20 11 17 18 24 27 30 33 40 44 39 33 39 39 48 46 43 38 
c: 37 34 29 31 33 32 30 26 32 38 44 52 55 58 55 64 59 53 54 54 53 51 48 48 
p: 37 34 29 31 33 32 30 26 32 38 44 52 55 58 55 64 59 53 54 54 53 51 48 48 

--------------------

fig1
g: 39 37 37 37 36 34 34 30 27 28 35 45 45 51 54 50 47 43 41 39 43 42 39 45 
c: 54 52 47 47 46 44 44 40 37 38 45 50 55 61 64 60 57 53 51 49 48 52 49 55 
p: 54 52 47 47 46 44 44 40 37 38 45 50 55 61 64 60 57 53 51 49 48 52 49 55 

--------------------

fig1
g: 18 20 20 23 24 21 18 16 22 20 18 27 22 33 34 32 30 29 24 22 21 20 21 21 
c: 33 35 35 33 34 31 33 31 37 35 38 42 42 48 49 52 50 49 49 47 46 40 36 36 
p: 33 35 35 33 34 31 33 31 37 35 38 42 42 48 49 52 50 49 49 47 46 40 36 36 

--------------------

fig1
g: 17 17 18 18 19 18 17 20 22 25 22 20 19 25 24 24 22 23 20 23 22 22 22 19 
c: 22 22 23 23 29 28 32 30 37 40 37 35 34 30 29 29 27 28 25 28 27 27 27 24 
p: 22 22 23 23 29 28 32 30 37 40 37 35 34 30 29 29 27 28 25 28 27 27 27 24 

--------------------

fig1
g: 38 26 28 33 30 31 25 25 30 29 29 27 31 38 40 39 37 34 34 37 37 32 29 30 
c: 38 31 33 38 40 41 40 35 35 34 39 37 41 48 55 59 57 54 54 52 47 42 39 35 
p: 38 31 33 38 40 41 40 35 35 34 39 37 41 48 55 59 57 54 54 52 47 42 39 35 

--------------------

fig1
g: 23 22 18 12 10 11 11 6 8 14 9 20 15 13 18 20 24 22 21 21 22 15 13 11 
c: 38 37 33 32 30 31 31 31 38 44 44 50 50 48 53 60 59 57 56 56 52 50 48 46 
p: 38 37 33 32 30 31 31 31 38 44 44 50 50 48 53 60 59 57 56 56 52 50 48 46 

--------------------

fig1
g: 17 17 17 13 16 17 19 19 8 6 8 10 6 11 12 11 15 13 17 16 17 17 19 20 
c: 32 37 42 43 51 52 49 44 48 46 43 40 41 41 47 51 45 43 42 41 37 32 29 30 
p: 32 37 42 43 51 52 49 44 48 46 43 40 41 41 47 51 45 43 42 41 37 32 29 30 

--------------------

fig1
g: 57 57 50 42 40 42 39 34 39 40 40 34 44 37 42 36 39 30 34 29 29 31 30 18 
c: 57 57 55 52 55 57 54 49 54 55 60 49 54 52 57 56 54 55 54 59 59 61 60 53 
p: 57 57 55 52 55 57 54 49 54 55 60 49 54 52 57 56 54 55 54 59 59 61 60 53 

--------------------

fig1
g: 28 29 28 29 30 27 32 34 28 32 30 31 27 26 23 25 27 25 24 27 31 28 28 30 
c: 38 39 38 39 40 37 37 39 38 42 40 41 37 36 38 40 47 45 44 47 51 48 48 50 
p: 38 39 38 39 40 37 37 39 38 42 40 41 37 36 38 40 47 45 44 47 51 48 48 50 

--------------------

fig1
g: 18 17 19 26 19 26 23 21 14 14 14 17 23 25 35 34 32 29 28 24 22 22 17 16 
c: 48 47 49 46 39 36 33 31 34 39 39 42 48 55 60 64 62 59 58 54 52 57 52 51 
p: 48 47 49 46 39 36 33 31 34 39 39 42 48 55 60 64 62 59 58 54 52 57 52 51 

--------------------

fig1
g: 18 12 10 7 7 11 19 18 23 31 36 34 46 43 36 34 33 30 34 33 37 32 34 32 
c: 33 27 20 17 17 16 24 33 38 46 46 44 51 53 51 49 48 45 44 43 42 37 39 37 
p: 33 27 20 17 17 16 24 33 38 46 46 44 51 53 51 49 48 45 44 43 42 37 39 37 

--------------------

fig1
g: 37 34 37 35 30 26 23 16 16 17 18 21 21 18 23 34 35 38 37 39 39 36 37 37 
c: 37 34 37 35 30 26 23 21 21 22 23 26 26 28 33 39 40 43 42 49 49 46 47 42 
p: 37 34 37 35 30 26 23 21 21 22 23 26 26 28 33 39 40 43 42 49 49 46 47 42 

--------------------

fig1
g: 23 19 22 17 10 8 12 15 15 9 7 13 16 16 19 14 17 18 13 14 19 19 16 17 
c: 38 34 32 32 30 28 27 25 25 29 37 33 36 41 39 39 37 38 38 39 39 39 41 42 
p: 38 34 32 32 30 28 27 25 25 29 37 33 36 41 39 39 37 38 38 39 39 39 41 42 

--------------------

genType: 2
distType: 2
END

fig1
g: 70 66 60 60 60 75 80 79 75 76 74 74 67 69 67 57 56 58 56 52 52 60 60 61 
c: 80 81 75 75 75 75 80 79 75 76 79 79 77 79 77 72 71 78 76 72 72 70 70 66 
p: 80 81 75 75 75 75 80 79 75 76 79 79 77 79 77 72 71 78 76 72 72 70 70 66 

--------------------

fig1
g: 37 35 29 33 42 45 46 44 34 29 24 26 26 34 47 56 60 58 56 58 54 54 56 51 
c: 67 65 64 68 72 75 76 74 79 74 69 71 71 74 77 81 70 68 66 68 64 64 66 66 
p: 67 65 64 68 72 75 76 74 79 74 69 71 71 74 77 81 70 68 66 68 64 64 66 66 

--------------------

fig1
g: 53 54 64 68 68 62 67 69 70 74 65 68 57 59 54 59 62 63 56 60 57 58 59 58 
c: 83 84 84 88 83 77 77 74 75 79 80 83 82 84 84 79 82 83 81 85 87 83 84 83 
p: 83 84 84 88 83 77 77 74 75 79 80 83 82 84 84 79 82 83 81 85 87 83 84 83 

--------------------

fig1
g: 21 26 27 35 38 42 36 34 33 36 33 31 32 32 34 34 28 21 35 28 26 32 34 34 
c: 91 91 92 95 93 92 91 84 78 86 78 81 82 82 84 84 83 81 85 83 86 87 89 89 
p: 91 91 92 95 93 92 91 84 78 86 78 81 82 82 84 84 83 81 85 83 86 87 89 89 

--------------------

fig1
g: 43 48 43 42 40 38 26 30 29 31 34 37 35 43 40 34 37 46 58 53 53 48 46 42 
c: 83 83 78 67 65 58 56 60 64 66 69 67 70 73 75 69 72 76 78 83 83 88 91 92 
p: 83 83 78 67 65 58 56 60 64 66 69 67 70 73 75 69 72 76 78 83 83 88 91 92 

--------------------

fig1
g: 28 36 29 35 17 18 26 25 24 31 29 40 49 43 42 39 47 42 38 29 25 33 31 30 
c: 83 81 84 80 82 78 71 70 74 76 79 80 84 83 87 84 87 87 88 79 80 83 81 80 
p: 83 81 84 80 82 78 71 70 74 76 79 80 84 83 87 84 87 87 88 79 80 83 81 80 

--------------------

fig1
g: 17 16 22 17 16 21 36 39 48 51 55 53 51 48 42 41 47 53 46 38 27 30 38 33 
c: 77 76 77 77 81 76 76 79 83 81 85 88 86 88 77 81 87 88 91 88 87 90 93 88 
p: 77 76 77 77 81 76 76 79 83 81 85 88 86 88 77 81 87 88 91 88 87 90 93 88 

--------------------

fig1
g: 47 51 55 68 69 61 67 67 70 69 68 55 60 59 59 57 58 51 43 38 31 31 51 53 
c: 72 76 80 83 79 76 77 77 80 79 83 85 85 84 89 92 93 86 78 78 71 66 71 73 
p: 72 76 80 83 79 76 77 77 80 79 83 85 85 84 89 92 93 86 78 78 71 66 71 73 

--------------------

fig1
g: 50 51 45 45 50 57 58 57 59 56 50 47 53 48 55 53 51 58 52 55 58 49 43 39 
c: 75 81 80 80 85 87 83 82 84 81 70 72 73 73 75 73 71 73 72 70 73 69 73 74 
p: 75 81 80 80 85 87 83 82 84 81 70 72 73 73 75 73 71 73 72 70 73 69 73 74 

--------------------

fig1
g: 53 51 54 50 46 51 53 51 57 61 53 45 49 42 42 47 50 50 49 60 57 74 70 70 
c: 73 76 79 80 86 86 88 91 97 101 93 85 89 87 77 77 80 80 79 80 77 79 80 80 
p: 73 76 79 80 86 86 88 91 97 101 93 85 89 87 77 77 80 80 79 80 77 79 80 80 

--------------------

fig1
g: 30 36 21 18 19 23 19 17 15 11 11 12 22 22 27 30 30 27 18 16 20 16 10 20 
c: 85 86 86 83 79 78 74 77 75 71 71 77 67 67 72 75 75 67 73 71 75 76 80 85 
p: 85 86 86 83 79 78 74 77 75 71 71 77 67 67 72 75 75 67 73 71 75 76 80 85 

--------------------

fig1
g: 25 23 22 17 26 16 24 26 31 28 28 35 30 33 32 30 29 28 19 25 27 41 40 37 
c: 75 73 77 72 76 76 79 81 86 88 93 95 100 93 92 90 84 83 74 70 67 66 65 67 
p: 75 73 77 72 76 76 79 81 86 88 93 95 100 93 92 90 84 83 74 70 67 66 65 67 

--------------------

fig1
g: 26 22 28 23 34 42 39 35 45 41 39 41 38 43 49 50 47 36 27 24 25 17 11 14 
c: 66 67 63 63 59 62 64 65 70 71 69 66 73 73 74 75 67 61 57 64 60 57 61 59 
p: 66 67 63 63 59 62 64 65 70 71 69 66 73 73 74 75 67 61 57 64 60 57 61 59 

--------------------

fig1
g: 30 28 27 31 40 41 40 44 44 52 56 56 47 47 46 37 30 31 33 29 33 26 19 16 
c: 60 58 57 61 60 66 65 64 64 67 66 66 67 72 71 72 70 71 73 64 68 66 64 61 
p: 60 58 57 61 60 66 65 64 64 67 66 66 67 72 71 72 70 71 73 64 68 66 64 61 

--------------------

fig1
g: 28 30 30 30 25 24 20 26 33 30 31 26 41 36 31 33 34 30 17 13 19 25 15 12 
c: 68 75 75 75 75 79 80 81 88 85 86 86 86 91 91 88 84 85 82 78 74 75 75 77 
p: 68 75 75 75 75 79 80 81 88 85 86 86 86 91 91 88 84 85 82 78 74 75 75 77 

--------------------

fig1
g: 53 53 60 57 55 59 53 34 44 36 35 43 43 44 41 41 36 30 27 33 47 49 38 41 
c: 73 78 80 77 80 84 78 79 84 76 80 78 78 69 61 66 66 65 67 68 72 74 78 76 
p: 73 78 80 77 80 84 78 79 84 76 80 78 78 69 61 66 66 65 67 68 72 74 78 76 

--------------------

fig1
g: 58 62 60 58 54 53 60 60 42 40 42 43 37 44 48 46 57 47 41 34 24 26 20 20 
c: 73 72 65 63 59 58 65 70 67 65 67 68 72 74 78 81 87 92 86 79 74 76 75 80 
p: 73 72 65 63 59 58 65 70 67 65 67 68 72 74 78 81 87 92 86 79 74 76 75 80 

--------------------

fig1
g: 48 52 50 54 46 36 41 44 46 48 50 56 61 66 66 59 62 62 63 57 53 54 55 68 
c: 73 72 70 74 66 66 66 69 71 68 70 76 81 81 86 79 82 82 83 87 88 89 90 88 
p: 73 72 70 74 66 66 66 69 71 68 70 76 81 81 86 79 82 82 83 87 88 89 90 88 

--------------------

fig1
g: 63 57 58 59 61 69 71 65 56 60 53 55 58 57 46 52 53 52 47 49 49 56 55 61 
c: 73 72 78 84 86 89 91 85 76 80 73 75 73 72 71 72 73 67 67 69 64 71 75 81 
p: 73 72 78 84 86 89 91 85 76 80 73 75 73 72 71 72 73 67 67 69 64 71 75 81 

--------------------

fig1
g: 36 27 30 22 24 26 25 35 28 29 36 40 45 45 46 42 45 39 37 33 31 29 29 43 
c: 76 77 80 77 79 76 75 75 78 74 76 80 85 90 91 82 80 79 82 78 76 74 74 73 
p: 76 77 80 77 79 76 75 75 78 74 76 80 85 90 91 82 80 79 82 78 76 74 74 73 

--------------------

genType: 3
distType: 1
END

fig1
g: 18 25 25 26 26 22 15 19 14 18 18 20 15 19 21 17 14 13 15 17 17 21 16 16 
c: 43 45 45 41 41 37 35 39 39 43 43 50 50 44 41 37 39 43 45 42 47 46 46 46 
p: 43 45 45 41 41 37 35 39 39 43 43 50 50 44 41 37 39 43 45 42 47 46 46 46 

--------------------

fig1
g: 51 50 49 39 37 31 34 34 30 32 35 39 36 34 33 38 38 44 47 48 42 37 38 38 
c: 61 65 64 54 52 46 44 49 45 42 50 54 51 49 48 53 58 64 67 68 67 62 68 63 
p: 61 65 64 54 52 46 44 49 45 42 50 54 51 49 48 53 58 64 67 68 67 62 68 63 

--------------------

fig1
g: 43 47 49 45 49 50 44 49 46 39 43 50 55 54 54 56 53 55 54 53 50 50 49 58 
c: 68 67 64 60 64 65 59 59 56 49 48 55 60 59 59 66 68 70 69 68 65 65 59 63 
p: 68 67 64 60 64 65 59 59 56 49 48 55 60 59 59 66 68 70 69 68 65 65 59 63 

--------------------

fig1
g: 35 35 34 34 33 32 29 17 25 20 18 21 22 27 27 39 42 42 32 26 24 21 22 27 
c: 60 60 59 64 58 57 54 52 55 50 53 51 52 52 52 59 62 62 62 61 64 61 67 67 
p: 60 60 59 64 58 57 54 52 55 50 53 51 52 52 52 59 62 62 62 61 64 61 67 67 

--------------------

fig1
g: 37 31 38 31 42 36 37 40 41 47 47 46 51 54 53 57 56 57 59 57 61 58 59 64 
c: 62 61 63 51 57 51 52 50 46 47 52 51 56 59 58 62 61 62 64 62 66 63 64 69 
p: 62 61 63 51 57 51 52 50 46 47 52 51 56 59 58 62 61 62 64 62 66 63 64 69 

--------------------

fig1
g: 25 25 29 30 31 37 35 35 32 31 26 20 26 20 34 28 27 27 23 26 29 34 35 36 
c: 75 75 74 70 66 67 70 70 67 66 71 75 71 65 69 58 57 57 58 61 64 64 70 76 
p: 75 75 74 70 66 67 70 70 67 66 71 75 71 65 69 58 57 57 58 61 64 64 70 76 

--------------------

fig1
g: 39 29 29 24 29 15 17 11 10 21 23 26 28 25 17 12 16 24 22 17 18 20 24 19 
c: 69 69 64 64 69 60 57 51 55 61 58 51 53 55 52 52 56 59 62 62 68 65 69 69 
p: 69 69 64 64 69 60 57 51 55 61 58 51 53 55 52 52 56 59 62 62 68 65 69 69 

--------------------

fig1
g: 22 27 24 27 26 30 27 32 32 30 33 29 34 32 35 34 41 53 55 39 35 34 36 37 
c: 57 57 59 57 61 60 57 62 62 55 53 49 49 47 50 54 61 63 60 59 60 64 56 62 
p: 57 57 59 57 61 60 57 62 62 55 53 49 49 47 50 54 61 63 60 59 60 64 56 62 

--------------------

fig1
g: 15 20 21 14 14 22 20 18 21 18 20 20 27 26 25 23 18 17 13 20 17 18 25 27 
c: 40 45 41 39 39 37 35 33 36 33 35 40 42 41 45 43 38 37 33 40 37 43 45 42 
p: 40 45 41 39 39 37 35 33 36 33 35 40 42 41 45 43 38 37 33 40 37 43 45 42 

--------------------

fig1
g: 36 39 38 37 35 39 44 47 39 39 34 33 36 33 41 42 37 29 34 41 35 47 46 38 
c: 51 54 53 57 50 54 59 57 54 54 54 53 56 53 56 57 52 49 54 56 50 57 56 48 
p: 51 54 53 57 50 54 59 57 54 54 54 53 56 53 56 57 52 49 54 56 50 57 56 48 

--------------------

fig1
g: 49 51 46 54 58 61 52 53 50 53 51 47 49 51 47 45 51 58 57 54 56 56 55 58 
c: 59 61 61 69 68 71 62 63 60 63 61 57 54 51 47 45 51 58 57 54 56 56 55 58 
p: 59 61 61 69 68 71 62 63 60 63 61 57 54 51 47 45 51 58 57 54 56 56 55 58 

--------------------

fig1
g: 36 31 29 43 38 34 35 36 37 41 38 34 44 47 41 46 52 47 35 35 34 27 32 36 
c: 51 51 49 53 53 54 60 61 62 61 63 59 64 62 56 56 62 67 65 65 64 57 62 61 
p: 51 51 49 53 53 54 60 61 62 61 63 59 64 62 56 56 62 67 65 65 64 57 62 61 

--------------------

fig1
g: 26 25 31 47 42 39 29 31 35 35 42 37 32 33 26 24 26 27 25 30 27 32 39 45 
c: 76 70 71 72 72 74 69 66 70 70 72 77 77 78 71 74 76 72 75 75 72 67 69 70 
p: 76 70 71 72 72 74 69 66 70 70 72 77 77 78 71 74 76 72 75 75 72 67 69 70 

--------------------

fig1
g: 44 42 45 47 45 48 47 42 36 45 45 37 38 34 29 24 25 17 20 24 25 27 27 35 
c: 64 67 70 72 70 68 67 62 56 60 50 47 48 44 49 54 55 57 60 64 65 67 67 65 
p: 64 67 70 72 70 68 67 62 56 60 50 47 48 44 49 54 55 57 60 64 65 67 67 65 

--------------------

fig1
g: 40 36 37 36 40 34 36 37 38 42 38 41 37 33 38 31 29 34 37 38 43 41 41 43 
c: 45 41 42 41 50 44 41 42 43 47 48 51 47 43 48 46 44 44 47 48 48 46 46 48 
p: 45 41 42 41 50 44 41 42 43 47 48 51 47 43 48 46 44 44 47 48 48 46 46 48 

--------------------

fig1
g: 44 49 45 45 48 42 41 50 52 49 46 44 44 51 49 51 56 50 57 57 53 50 50 51 
c: 49 54 60 60 63 62 61 65 67 64 61 64 64 71 74 71 76 70 67 67 63 60 60 61 
p: 49 54 60 60 63 62 61 65 67 64 61 64 64 71 74 71 76 70 67 67 63 60 60 61 

--------------------

fig1
g: 36 35 32 30 28 27 24 24 24 28 24 26 26 34 27 37 33 28 28 30 30 40 43 41 
c: 61 60 57 55 53 52 49 44 44 43 39 41 36 39 37 42 43 43 43 50 55 60 63 61 
p: 61 60 57 55 53 52 49 44 44 43 39 41 36 39 37 42 43 43 43 50 55 60 63 61 

--------------------

fig1
g: 50 49 44 50 54 51 44 42 41 37 43 40 41 43 43 49 46 39 38 36 29 34 38 44 
c: 50 54 54 55 59 56 54 52 56 52 58 55 51 53 53 49 46 44 43 41 34 39 43 49 
p: 50 54 54 55 59 56 54 52 56 52 58 55 51 53 53 49 46 44 43 41 34 39 43 49 

--------------------

fig1
g: 20 22 20 27 30 28 28 25 26 24 20 25 27 22 34 28 32 29 24 17 18 20 28 28 
c: 65 62 65 62 65 63 58 55 61 59 55 60 62 62 59 58 57 54 49 52 48 50 43 48 
p: 65 62 65 62 65 63 58 55 61 59 55 60 62 62 59 58 57 54 49 52 48 50 43 48 

--------------------

fig1
g: 34 29 33 27 27 27 27 23 26 28 38 41 48 51 45 52 51 49 44 49 45 42 40 31 
c: 44 44 48 47 47 52 52 53 56 53 58 61 68 71 65 67 66 64 59 54 50 47 40 41 
p: 44 44 48 47 47 52 52 53 56 53 58 61 68 71 65 67 66 64 59 54 50 47 40 41 

--------------------

genType: 3
distType: 2
END

