fig1
g: 24 9 27 18 35 56 52 42 42 42 146 134 19 79 83 41 51 47 0 186 179 170 18 15 
c: 60 55 53 55 57 61 62 60 59 64 63 68 68 69 70 72 73 74 68 73 71 72 72 68 
p: 170 158 150 154 153 171 176 169 173 190 191 204 207 217 225 233 239 244 219 231 219 215 221 204 

--------------------

fig1
g: 158 162 82 0 44 94 53 59 54 53 106 68 102 87 75 155 136 48 88 96 83 23 54 62 
c: 73 77 77 72 66 67 62 63 64 65 63 59 67 73 74 76 79 82 83 85 82 81 81 87 
p: 213 227 227 209 188 188 175 182 193 200 199 175 197 218 231 235 251 257 250 257 248 248 243 258 

--------------------

fig1
g: 88 55 92 46 127 98 46 89 85 83 18 126 131 149 157 172 68 129 83 80 26 0 65 96 
c: 64 62 62 61 64 64 62 60 62 65 65 71 73 78 81 84 76 75 74 75 69 62 65 64 
p: 202 194 192 184 188 181 174 163 167 168 177 197 198 211 222 232 210 199 201 201 192 175 188 184 

--------------------

fig1
g: 96 99 199 135 135 0 150 13 55 172 51 161 136 49 56 142 38 50 60 65 42 120 93 110 
c: 71 75 75 71 72 70 74 74 78 84 86 89 85 89 95 99 96 94 95 96 86 85 86 84 
p: 231 244 238 223 220 209 220 220 237 252 267 279 268 274 291 300 284 273 275 286 258 251 255 250 

--------------------

fig1
g: 96 75 68 14 0 48 60 79 69 64 89 69 58 20 18 78 64 74 42 50 15 22 74 85 
c: 58 56 52 53 45 46 47 48 54 54 58 60 60 63 66 72 70 71 69 70 63 67 71 71 
p: 200 191 171 175 150 152 153 161 175 171 184 194 198 204 214 235 224 218 204 203 179 192 197 196 

--------------------

fig1
g: 3 89 51 25 74 7 47 44 29 41 60 59 18 42 67 31 64 11 30 36 51 77 0 0 
c: 51 53 52 52 57 56 53 54 55 59 61 64 65 69 67 72 68 63 64 60 61 62 58 53 
p: 151 159 158 162 173 169 160 155 157 169 171 171 176 193 176 195 194 181 177 161 168 171 164 156 

--------------------

fig1
g: 30 85 66 0 64 121 43 101 98 77 66 62 61 75 74 148 73 89 113 90 0 80 23 39 
c: 51 53 54 51 50 52 55 57 58 60 61 60 65 70 72 75 79 76 75 70 66 63 54 55 
p: 151 160 167 157 160 161 167 169 166 168 177 173 194 203 210 214 225 212 214 204 189 186 156 153 

--------------------

fig1
g: 82 86 35 58 78 69 33 76 100 126 116 106 99 122 103 81 25 84 61 31 59 74 0 73 
c: 68 67 66 62 64 60 54 56 53 56 58 59 67 75 80 78 74 78 82 77 79 80 76 71 
p: 209 201 202 189 192 183 169 181 168 179 181 181 194 216 229 223 214 224 236 226 230 235 227 216 

--------------------

fig1
g: 80 8 23 69 47 0 38 56 84 100 91 55 129 51 95 82 11 35 4 50 89 70 20 104 
c: 61 60 55 57 57 50 52 57 58 60 65 68 72 68 70 75 72 67 64 64 66 67 65 68 
p: 206 208 193 201 195 168 168 187 186 195 211 224 239 224 236 243 230 210 203 208 215 222 212 219 

--------------------

fig1
g: 22 88 60 0 102 68 79 80 78 50 67 89 163 94 138 71 74 14 52 62 0 124 73 115 
c: 66 68 61 60 59 61 61 57 58 54 58 58 59 59 64 64 62 61 55 61 60 56 57 62 
p: 199 207 184 177 174 181 187 181 188 174 191 191 188 193 206 196 187 185 168 188 186 175 177 196 

--------------------

fig1
g: 61 37 30 51 20 0 18 22 36 127 72 62 56 52 56 50 42 95 49 47 41 26 44 24 
c: 67 65 59 57 54 47 46 46 48 51 56 60 64 65 69 73 76 81 75 70 67 64 68 62 
p: 181 181 162 157 150 132 131 131 138 152 172 177 179 175 191 197 201 213 199 191 185 183 202 194 

--------------------

fig1
g: 0 115 103 16 33 56 0 78 85 104 40 122 119 135 114 169 10 0 166 93 82 112 58 99 
c: 64 62 63 58 55 54 50 51 54 60 59 63 69 72 73 72 73 66 72 75 72 71 69 65 
p: 206 195 198 187 181 176 167 169 177 187 183 196 218 229 231 221 230 204 221 237 226 224 216 210 

--------------------

fig1
g: 0 42 21 31 80 86 82 83 90 174 86 115 175 176 168 88 6 66 75 40 36 33 110 117 
c: 62 60 57 55 55 54 57 56 57 59 64 69 73 79 82 81 82 81 80 80 76 75 79 77 
p: 185 183 170 158 154 158 178 184 189 194 211 219 220 233 243 239 245 242 243 235 225 223 230 230 

--------------------

fig1
g: 4 81 25 70 75 80 50 113 126 32 147 53 116 144 182 93 80 81 129 137 103 39 70 0 
c: 67 65 58 61 64 64 64 69 73 69 73 77 80 86 89 89 86 82 81 80 77 76 75 76 
p: 197 192 172 179 182 181 177 185 196 198 199 210 221 244 256 251 241 236 229 232 223 222 219 221 

--------------------

fig1
g: 193 193 33 188 98 83 113 114 173 171 123 113 198 151 158 157 161 94 135 160 157 16 121 148 
c: 77 76 72 74 72 73 74 74 79 82 83 88 88 88 92 95 98 92 94 94 99 98 100 95 
p: 244 236 222 227 212 208 206 203 213 225 227 234 228 233 243 253 264 246 257 255 269 271 272 259 

--------------------

fig1
g: 78 119 94 152 97 126 50 69 132 95 130 94 92 157 112 151 137 143 166 160 160 166 110 151 
c: 81 80 75 76 72 73 75 69 68 68 70 74 76 81 84 87 93 92 97 98 101 105 102 99 
p: 260 258 245 244 234 239 242 224 218 218 224 237 238 257 262 271 293 291 302 301 307 316 302 290 

--------------------

fig1
g: 38 83 112 82 119 77 115 136 127 139 125 159 170 189 189 166 41 223 153 183 0 179 173 119 
c: 80 80 83 79 77 73 73 74 75 80 81 86 90 94 92 91 90 89 92 88 86 87 89 82 
p: 235 235 243 230 227 215 210 216 216 235 246 257 272 294 278 273 270 269 271 258 256 260 267 240 

--------------------

fig1
g: 105 88 101 86 174 94 104 60 137 208 112 106 131 203 241 145 185 0 100 102 200 164 0 162 
c: 76 72 74 74 73 71 74 74 77 77 79 81 82 85 92 91 90 86 89 86 86 86 84 86 
p: 222 214 219 213 220 216 225 228 247 248 249 268 272 275 301 293 286 272 281 274 265 257 253 251 

--------------------

fig1
g: 33 33 45 55 60 31 91 48 50 70 95 183 64 63 188 103 110 102 103 98 93 105 9 97 
c: 63 66 63 65 64 61 65 66 65 68 69 74 77 82 85 86 87 89 87 80 78 81 76 78 
p: 178 183 177 185 192 186 206 208 202 219 212 223 240 257 265 265 272 273 263 242 232 238 220 226 

--------------------

fig1
g: 89 73 126 40 109 63 72 84 118 113 82 79 128 110 154 138 72 145 31 96 78 67 0 120 
c: 66 64 63 62 66 63 62 63 71 74 74 75 73 75 75 74 74 76 72 73 71 71 71 72 
p: 192 189 186 185 204 201 210 207 231 242 243 231 220 229 222 216 216 222 201 207 193 197 199 220 

--------------------

genType: 1
distType: 1
END

fig1
g: 7 19 54 33 38 53 0 56 39 11 118 54 120 0 79 79 81 0 80 68 59 39 64 80 
c: 60 57 58 53 52 55 50 50 54 53 57 61 65 61 64 67 62 57 57 56 55 53 51 55 
p: 196 187 185 168 161 178 163 163 180 179 193 204 210 193 195 207 187 177 174 171 170 164 151 165 

--------------------

fig1
g: 27 0 46 36 62 5 0 15 25 35 0 0 60 0 1 81 9 82 0 0 97 73 0 14 
c: 51 48 48 42 44 38 36 39 42 49 46 45 44 41 43 46 46 50 46 43 44 50 47 43 
p: 142 133 138 117 127 117 108 117 126 158 149 147 140 127 137 139 135 153 140 126 129 142 126 110 

--------------------

fig1
g: 0 3 80 0 22 25 0 0 69 0 18 99 14 30 109 84 0 130 47 0 11 0 0 0 
c: 38 37 37 31 31 33 29 26 29 29 36 42 44 47 55 62 60 63 64 58 54 54 50 49 
p: 122 116 111 86 86 93 82 67 79 80 98 118 124 140 163 187 183 195 197 177 169 171 165 162 

--------------------

fig1
g: 0 39 0 24 33 0 0 0 0 60 96 117 134 134 131 137 114 114 141 118 30 32 0 47 
c: 51 53 48 44 46 40 35 35 29 31 37 43 51 57 66 72 70 74 78 76 74 68 65 63 
p: 158 164 153 139 154 138 127 123 108 106 132 152 174 189 215 226 215 226 242 232 226 203 191 190 

--------------------

fig1
g: 32 0 0 48 9 49 0 15 0 25 0 54 79 83 45 0 38 13 0 0 6 61 0 21 
c: 41 41 34 35 37 38 33 33 29 37 37 36 41 48 53 51 53 51 48 51 53 56 53 46 
p: 118 114 88 96 103 117 106 102 92 116 119 109 129 148 167 159 166 159 149 156 166 169 159 129 

--------------------

fig1
g: 22 0 0 0 11 50 19 18 97 91 97 101 83 32 71 161 51 5 0 114 103 0 29 38 
c: 55 53 48 46 41 41 39 46 49 54 61 67 71 62 70 71 70 66 59 58 63 58 57 57 
p: 156 147 134 126 108 118 115 127 140 146 172 186 208 188 216 226 213 198 174 169 180 166 165 168 

--------------------

fig1
g: 0 60 34 25 52 41 0 41 127 0 48 28 0 127 54 120 0 0 0 64 75 0 19 16 
c: 45 47 40 45 48 51 48 51 57 54 60 65 61 65 67 66 60 56 55 55 60 55 53 50 
p: 134 139 111 133 142 158 146 153 167 161 187 197 181 192 202 189 171 158 156 159 178 160 156 146 

--------------------

fig1
g: 85 23 0 0 0 101 0 20 19 29 51 71 79 26 97 119 0 43 0 0 87 77 0 19 
c: 44 44 43 40 36 38 36 39 41 39 45 50 57 59 64 71 67 66 63 59 58 59 56 53 
p: 139 139 141 127 114 116 107 115 126 120 151 166 182 191 214 237 225 216 206 189 190 189 181 170 

--------------------

fig1
g: 32 25 25 0 12 0 22 0 14 29 31 0 55 41 10 13 0 0 0 31 0 0 32 17 
c: 37 34 33 32 30 28 33 32 34 37 43 40 47 54 50 48 45 38 33 33 34 33 34 32 
p: 121 105 100 94 89 84 95 91 93 102 119 112 135 163 156 157 151 133 116 117 118 115 116 109 

--------------------

fig1
g: 0 30 82 31 26 49 35 0 0 13 15 40 37 108 6 115 135 0 0 10 42 48 40 0 
c: 47 47 47 46 48 50 49 44 41 40 42 46 49 57 58 61 63 59 54 51 51 52 48 47 
p: 131 131 137 136 143 149 149 139 132 130 135 153 161 183 191 211 215 199 186 175 172 177 161 157 

--------------------

fig1
g: 103 0 33 29 0 92 0 1 141 0 125 0 0 20 124 97 105 0 0 60 5 0 10 142 
c: 53 48 48 45 45 51 52 55 58 52 56 51 53 48 50 55 53 51 51 48 50 48 53 54 
p: 176 159 159 147 148 165 170 182 189 171 175 159 161 142 152 161 159 154 153 146 151 148 168 157 

--------------------

fig1
g: 70 91 21 75 0 58 0 0 87 28 87 96 27 101 106 102 79 35 0 101 34 94 0 0 
c: 51 50 48 45 44 43 39 38 43 43 50 54 55 55 56 61 57 55 61 65 59 61 49 44 
p: 152 151 145 141 143 141 124 116 140 145 170 183 183 181 181 200 179 169 182 196 176 181 145 129 

--------------------

fig1
g: 58 0 46 66 40 0 82 0 79 75 102 101 186 100 124 114 0 210 0 119 220 14 0 0 
c: 72 67 62 62 60 54 53 47 53 60 63 69 75 79 82 87 84 85 82 87 89 88 83 81 
p: 215 207 197 199 199 176 178 162 176 200 211 224 238 245 249 261 253 259 250 266 265 260 238 232 

--------------------

fig1
g: 20 4 3 0 30 20 56 0 45 30 0 18 41 37 3 58 23 31 0 46 84 27 26 63 
c: 56 51 50 45 48 50 53 50 53 55 50 54 62 68 64 61 58 58 57 52 57 53 53 55 
p: 164 150 148 133 140 143 156 147 162 174 156 163 194 208 193 186 174 181 179 168 179 162 165 170 

--------------------

fig1
g: 37 0 124 88 15 0 115 0 163 84 159 173 161 74 114 0 144 99 0 112 116 112 0 104 
c: 54 52 55 54 53 53 59 57 63 64 69 74 79 78 80 79 80 79 74 75 75 75 70 65 
p: 136 134 151 147 153 153 177 172 193 197 202 216 238 234 238 238 230 226 207 207 208 211 194 176 

--------------------

fig1
g: 14 7 0 25 30 17 0 0 75 33 29 0 53 35 59 0 51 0 0 0 34 0 1 0 
c: 40 42 38 38 40 40 38 36 43 50 51 48 54 53 57 50 49 45 43 33 32 31 29 29 
p: 120 124 113 116 121 121 114 104 125 150 149 137 148 145 161 144 145 136 134 106 98 92 85 85 

--------------------

fig1
g: 15 0 36 0 43 0 32 36 32 67 65 69 93 107 100 106 16 101 0 12 54 8 0 0 
c: 46 43 42 37 41 36 33 36 35 43 43 47 53 57 60 67 72 73 71 69 63 60 56 52 
p: 144 138 129 113 115 102 90 96 98 120 126 147 167 185 198 220 226 230 218 211 190 186 171 155 

--------------------

fig1
g: 0 37 33 0 10 32 0 0 52 51 73 28 16 63 39 92 0 35 0 10 11 5 7 0 
c: 34 35 40 35 33 36 37 40 46 48 56 55 52 51 53 51 49 46 45 47 46 42 36 35 
p: 101 103 110 98 85 85 88 98 112 121 144 142 136 133 139 144 141 140 137 141 140 125 111 112 

--------------------

fig1
g: 47 0 53 54 38 46 0 40 61 69 0 0 27 71 94 107 97 0 85 39 0 59 0 112 
c: 51 45 45 43 40 40 36 37 38 44 45 42 41 47 55 60 61 58 53 52 49 50 48 52 
p: 137 120 121 118 111 109 96 98 96 111 113 108 109 129 152 161 168 158 143 140 133 139 137 152 

--------------------

fig1
g: 96 44 33 63 31 0 9 13 11 0 0 65 67 66 33 81 0 31 59 0 40 32 0 65 
c: 55 53 54 53 51 47 42 44 43 38 34 38 41 47 50 55 52 50 57 51 48 44 41 45 
p: 166 162 163 158 149 139 123 126 128 114 100 120 135 146 160 170 163 148 162 143 140 126 120 130 

--------------------

genType: 1
distType: 2
END

fig1
g: 166 138 172 156 41 90 0 102 146 132 158 160 141 58 90 91 163 176 165 172 185 174 94 125 
c: 76 74 76 76 80 80 80 74 77 82 83 85 89 94 99 101 106 106 100 104 101 99 95 95 
p: 241 235 239 241 250 249 249 234 246 260 253 260 272 276 295 299 315 311 293 304 290 286 276 278 

--------------------

fig1
g: 139 152 118 110 163 187 104 124 183 152 185 174 178 155 157 138 182 169 192 176 0 189 209 188 
c: 76 76 75 76 74 79 77 75 74 80 83 90 90 93 97 98 99 99 101 105 101 100 102 100 
p: 228 231 222 228 227 242 227 220 208 229 239 270 277 300 311 307 308 306 306 312 309 310 312 299 

--------------------

fig1
g: 54 66 130 61 3 80 39 63 88 81 102 83 79 61 47 85 72 58 103 96 57 88 68 82 
c: 75 74 74 64 62 63 65 62 63 67 73 75 79 85 84 85 84 78 79 76 79 81 77 78 
p: 225 223 224 192 187 189 193 181 183 199 217 219 239 256 262 261 263 238 233 231 241 247 242 242 

--------------------

fig1
g: 85 160 180 194 140 73 149 74 139 142 203 75 207 181 177 171 181 240 121 112 52 271 102 189 
c: 68 69 70 69 71 69 73 69 70 76 84 91 86 84 89 90 95 97 97 96 95 97 95 89 
p: 208 210 216 209 215 212 226 211 214 227 259 281 270 268 279 283 299 307 305 299 295 303 296 281 

--------------------

fig1
g: 59 51 97 133 135 138 49 87 69 74 204 156 193 123 236 112 128 225 135 125 198 130 134 2 
c: 69 72 74 73 72 73 70 67 65 70 74 78 82 85 88 92 95 95 90 89 92 93 93 86 
p: 202 216 226 226 220 220 204 191 187 208 229 253 263 276 294 308 312 312 291 285 286 289 287 262 

--------------------

fig1
g: 50 35 18 45 119 121 8 11 31 123 25 142 101 80 80 126 63 135 55 142 97 49 20 71 
c: 74 70 70 67 65 66 64 64 67 72 68 71 73 75 75 78 78 82 82 83 82 80 80 74 
p: 245 229 229 212 207 212 200 200 208 224 210 207 214 222 224 237 234 245 245 248 240 228 218 190 

--------------------

fig1
g: 162 45 29 132 17 98 84 14 95 119 132 48 117 177 127 193 90 125 147 71 116 118 194 134 
c: 76 74 72 74 69 69 68 68 71 74 79 82 82 83 89 88 87 88 90 93 93 94 93 93 
p: 202 195 196 202 185 181 182 181 187 197 212 227 230 242 260 258 257 263 275 283 280 289 284 286 

--------------------

fig1
g: 71 143 82 131 138 56 35 82 79 97 38 135 89 119 133 66 111 167 155 92 36 141 40 129 
c: 73 75 72 75 74 77 76 72 74 72 74 81 84 87 90 91 89 93 92 91 84 83 81 84 
p: 241 243 229 238 233 242 240 227 240 237 246 265 273 280 284 285 283 293 285 277 260 258 255 264 

--------------------

fig1
g: 15 0 13 18 123 39 118 34 29 52 42 70 74 41 113 113 71 119 78 76 74 149 157 132 
c: 79 74 73 69 68 62 61 58 50 54 61 64 69 74 77 82 81 79 78 79 75 79 80 80 
p: 234 220 220 210 205 181 180 163 138 148 163 179 194 212 226 250 246 244 239 241 236 239 247 247 

--------------------

fig1
g: 112 145 109 168 159 143 152 162 180 189 209 170 194 208 242 207 235 236 201 156 164 244 267 222 
c: 83 83 84 88 87 85 88 94 98 98 99 100 104 107 108 116 117 116 117 114 119 118 121 123 
p: 241 237 235 234 234 225 229 249 261 269 265 270 281 285 298 317 317 314 321 312 330 325 342 358 

--------------------

fig1
g: 56 26 40 40 23 64 5 11 58 141 43 54 24 174 191 28 27 110 115 7 29 19 67 67 
c: 68 68 66 70 64 60 66 62 64 64 67 70 71 75 82 84 85 84 81 75 74 73 70 63 
p: 199 199 199 205 195 180 202 185 195 200 213 216 219 236 261 260 265 260 245 227 223 223 214 194 

--------------------

fig1
g: 118 65 107 95 137 89 162 14 138 106 161 72 176 164 101 196 99 203 176 94 124 120 134 10 
c: 68 69 70 72 71 72 78 74 79 83 87 92 95 96 100 94 97 96 91 87 84 88 87 88 
p: 198 202 199 207 203 203 217 200 213 233 241 262 278 278 287 279 290 288 269 262 250 262 260 264 

--------------------

fig1
g: 80 115 7 75 55 150 90 0 55 94 77 73 50 101 198 135 57 38 105 99 119 107 128 111 
c: 67 67 65 64 64 67 67 63 65 68 69 74 77 82 87 90 88 83 78 79 76 75 77 76 
p: 196 197 185 185 182 188 201 187 189 186 188 201 205 214 243 250 242 238 223 230 221 220 228 224 

--------------------

fig1
g: 85 48 119 39 36 130 88 56 121 99 55 114 120 110 75 167 138 98 0 98 155 75 91 23 
c: 73 64 64 60 57 58 61 60 66 71 76 81 83 86 92 98 100 99 97 94 90 88 83 84 
p: 197 173 175 173 166 170 171 168 189 198 218 226 224 236 251 267 268 258 257 245 243 243 234 242 

--------------------

fig1
g: 28 33 30 19 37 42 51 7 49 56 50 78 61 48 57 128 108 98 98 32 97 72 86 97 
c: 66 62 64 61 59 61 64 61 61 63 65 69 69 75 74 75 73 74 76 75 73 71 70 75 
p: 201 196 207 198 185 186 194 180 178 186 198 208 212 223 219 219 214 219 231 222 212 209 199 212 

--------------------

fig1
g: 33 39 27 43 48 37 29 80 59 51 57 43 39 22 156 21 29 40 31 24 10 9 0 0 
c: 60 60 58 58 58 62 65 65 70 73 71 70 72 72 77 78 80 77 75 69 64 63 59 52 
p: 186 192 182 179 176 185 191 193 207 216 207 195 204 196 211 219 235 222 216 204 182 184 174 153 

--------------------

fig1
g: 49 82 63 88 99 90 139 163 121 151 181 122 173 208 88 15 174 158 170 171 172 102 159 153 
c: 73 69 71 69 67 61 62 64 62 67 72 77 79 81 82 84 84 85 84 85 88 93 92 88 
p: 221 216 221 223 222 204 204 207 205 217 224 240 244 247 247 249 243 244 247 254 267 284 282 262 

--------------------

fig1
g: 90 34 50 49 45 45 56 53 111 71 73 144 108 166 77 157 45 50 68 80 85 42 77 98 
c: 72 71 73 73 73 69 71 69 72 68 68 71 74 77 80 81 77 78 75 72 71 72 72 71 
p: 225 219 223 218 217 217 219 211 224 201 195 209 216 236 247 243 225 227 224 225 220 223 215 212 

--------------------

fig1
g: 199 0 115 0 65 141 26 39 153 144 136 138 117 80 159 66 94 290 47 74 199 118 234 107 
c: 88 78 74 69 62 59 56 57 62 65 70 78 81 86 92 96 97 101 99 98 102 105 103 99 
p: 263 234 217 200 182 176 163 169 184 195 211 241 249 263 282 296 302 320 315 316 326 335 329 311 

--------------------

fig1
g: 36 0 44 104 8 45 112 88 77 92 111 79 123 145 100 137 94 110 83 41 0 142 162 59 
c: 71 64 64 59 63 59 59 57 59 63 69 68 73 75 76 78 80 81 81 76 71 72 77 80 
p: 209 189 183 175 185 172 167 167 174 175 193 197 209 220 228 232 239 236 233 213 191 197 217 225 

--------------------

genType: 2
distType: 1
END

fig1
g: 75 0 0 0 22 15 0 0 3 17 99 30 80 0 85 120 0 35 14 46 64 18 0 16 
c: 57 46 41 39 39 38 34 32 39 43 51 57 59 59 64 67 64 59 59 65 70 69 68 64 
p: 170 131 118 114 118 113 99 97 115 121 144 159 171 170 192 200 193 184 181 196 210 205 206 198 

--------------------

fig1
g: 0 0 0 29 0 0 46 0 93 100 9 62 0 0 10 38 7 0 0 41 14 51 0 42 
c: 37 35 33 34 29 27 32 30 34 39 41 46 42 38 35 38 38 37 34 39 39 41 41 43 
p: 121 111 98 107 94 87 106 99 109 125 130 145 131 114 109 123 121 116 109 121 123 131 131 133 

--------------------

fig1
g: 0 21 9 0 0 0 36 62 22 35 25 0 15 9 119 94 37 18 13 0 11 0 17 79 
c: 36 35 35 32 30 27 27 33 33 38 40 40 45 48 57 59 53 49 52 49 49 51 47 47 
p: 102 96 96 87 83 79 80 97 98 114 114 117 133 139 164 171 152 143 148 139 138 144 129 129 

--------------------

fig1
g: 0 0 0 0 0 0 0 0 0 7 22 13 67 35 32 58 125 68 6 15 36 0 34 0 
c: 48 44 38 33 28 26 25 19 17 17 25 25 31 37 40 47 51 54 53 50 50 48 49 47 
p: 135 121 101 90 79 75 68 50 49 52 71 71 95 107 116 139 150 160 159 148 146 138 146 140 

--------------------

fig1
g: 0 0 0 93 6 0 32 18 76 0 34 42 35 50 49 0 15 0 3 1 0 5 7 0 
c: 30 29 28 34 32 31 29 30 36 34 36 42 45 50 55 47 43 43 43 43 42 37 34 32 
p: 90 86 85 108 100 96 83 82 96 89 86 107 120 131 145 121 121 123 120 120 116 100 88 81 

--------------------

fig1
g: 16 1 0 22 0 29 0 0 24 21 92 105 107 0 37 144 27 5 2 0 37 62 0 67 
c: 53 44 40 38 36 32 28 28 32 32 37 46 51 50 53 61 59 58 55 55 52 52 45 46 
p: 163 134 123 122 113 103 86 87 106 107 121 148 158 153 157 176 173 167 159 165 157 156 130 135 

--------------------

fig1
g: 0 0 6 10 26 18 0 0 17 36 0 18 12 2 9 25 18 0 0 0 0 0 0 10 
c: 28 27 26 24 24 21 20 20 26 34 32 38 44 39 39 45 46 46 45 43 41 43 39 35 
p: 94 92 86 75 78 64 59 61 79 101 97 109 130 118 121 146 151 147 141 129 127 136 124 116 

--------------------

fig1
g: 0 60 0 63 0 4 52 6 37 0 32 28 16 0 41 60 0 9 40 42 0 55 28 22 
c: 49 46 44 44 44 41 41 40 44 40 45 47 46 42 46 52 49 47 50 51 50 54 52 51 
p: 144 142 139 141 139 130 127 121 123 106 121 133 128 109 120 140 129 125 140 141 142 161 169 171 

--------------------

fig1
g: 0 0 0 0 4 6 0 25 30 38 16 0 61 65 57 33 63 0 0 24 33 0 0 0 
c: 39 38 34 30 23 21 20 26 30 36 37 36 43 48 53 57 61 60 56 57 57 53 55 55 
p: 130 127 114 99 72 65 59 66 83 98 107 106 125 138 152 168 183 178 166 177 176 163 172 175 

--------------------

fig1
g: 29 0 53 31 53 0 0 28 39 37 66 4 5 53 50 31 103 0 0 24 17 47 0 0 
c: 40 36 37 38 34 35 31 34 33 41 48 45 42 46 50 53 60 59 50 50 48 48 43 33 
p: 125 111 112 108 103 108 96 106 101 120 141 130 119 124 138 146 168 169 150 151 140 138 123 88 

--------------------

fig1
g: 5 0 9 0 14 3 11 0 41 14 52 32 55 14 25 45 0 8 17 13 0 0 0 0 
c: 36 32 30 27 27 25 27 27 34 34 37 41 48 49 53 58 56 48 44 47 42 42 38 33 
p: 107 91 90 78 75 69 77 78 102 100 112 126 148 151 162 177 170 156 141 146 127 127 108 99 

--------------------

fig1
g: 136 81 0 48 0 32 0 0 96 0 0 130 129 8 35 28 0 23 36 87 138 0 106 0 
c: 57 62 57 57 52 49 46 42 50 44 41 46 53 52 58 54 51 49 52 56 64 58 63 59 
p: 180 191 170 174 157 141 127 117 151 130 126 137 162 153 168 155 148 140 144 158 178 164 183 170 

--------------------

fig1
g: 0 0 0 61 61 61 0 53 77 0 59 72 93 111 146 0 19 0 40 0 23 0 56 0 
c: 38 35 36 35 35 34 34 34 35 35 35 36 43 51 58 55 55 54 54 52 51 49 47 40 
p: 109 97 98 94 94 94 99 99 103 105 105 109 128 145 171 159 161 155 153 150 150 146 136 116 

--------------------

fig1
g: 35 0 0 0 28 0 0 33 22 5 60 22 38 2 0 36 27 80 67 14 22 0 15 0 
c: 37 34 30 28 26 23 23 25 26 27 36 43 50 51 47 53 53 55 54 53 52 48 43 41 
p: 120 108 97 89 85 78 74 77 78 79 105 124 149 148 138 151 145 145 147 145 142 136 130 121 

--------------------

fig1
g: 0 36 30 0 0 0 59 0 62 9 63 40 36 2 41 67 43 0 13 0 16 0 0 71 
c: 47 47 50 46 44 42 41 39 43 43 47 52 56 51 51 56 58 56 55 53 57 53 48 47 
p: 154 152 158 147 144 140 130 127 139 139 148 162 181 166 162 177 183 174 168 167 179 165 153 142 

--------------------

fig1
g: 59 0 3 0 0 35 16 5 0 3 39 11 69 20 6 91 0 0 46 0 25 2 0 0 
c: 55 49 47 43 38 41 39 38 34 30 32 33 38 43 48 56 55 53 53 51 51 50 43 41 
p: 152 132 121 113 97 113 108 105 96 81 84 90 109 124 138 156 155 148 151 147 143 138 117 116 

--------------------

fig1
g: 0 0 0 0 40 0 14 35 0 55 0 46 63 62 10 94 120 59 87 63 27 55 0 58 
c: 37 32 34 34 35 36 34 33 29 32 32 32 41 43 42 48 53 52 51 51 50 49 45 47 
p: 106 93 97 93 99 106 105 102 93 98 101 96 125 127 128 150 168 165 157 157 151 147 134 132 

--------------------

fig1
g: 0 21 41 16 0 0 45 0 4 0 2 68 76 69 55 75 46 21 0 72 0 59 45 0 
c: 42 41 37 37 35 32 34 31 30 30 28 34 38 45 46 52 52 51 46 53 49 51 48 44 
p: 136 128 111 107 98 86 91 84 82 79 82 103 115 137 144 163 164 161 145 169 153 162 150 138 

--------------------

fig1
g: 0 0 0 0 23 26 40 28 75 5 41 22 31 44 67 53 45 0 75 41 13 0 32 62 
c: 43 35 31 32 31 30 30 27 30 32 37 38 42 51 54 59 60 54 56 55 54 49 46 44 
p: 132 106 95 101 98 98 100 90 98 103 113 116 124 149 157 174 178 162 165 158 158 148 141 140 

--------------------

fig1
g: 124 0 0 0 0 93 2 0 0 42 37 12 90 0 14 47 85 88 31 0 40 27 63 0 
c: 50 50 45 43 42 40 39 37 33 33 36 37 37 32 31 32 38 42 39 39 40 40 48 47 
p: 144 144 128 121 120 117 118 112 98 100 110 112 114 97 95 95 116 128 122 125 126 119 130 128 

--------------------

genType: 2
distType: 2
END

fig1
g: 19 42 48 37 22 28 0 186 29 178 0 98 40 0 123 79 34 0 118 100 104 114 48 33 
c: 69 69 72 71 70 67 65 72 72 76 67 66 63 58 64 66 63 60 66 65 70 72 72 76 
p: 217 207 207 215 212 208 200 221 221 233 208 201 195 180 203 208 199 180 193 190 204 209 207 221 

--------------------

fig1
g: 109 95 12 133 110 96 153 109 149 91 72 0 134 126 96 106 70 0 63 115 78 61 76 141 
c: 68 72 71 78 81 79 81 80 84 88 84 78 78 74 78 80 83 76 76 77 75 72 74 79 
p: 214 224 222 238 244 231 230 233 254 268 256 242 233 221 237 231 240 221 220 219 216 206 216 241 

--------------------

fig1
g: 44 69 47 57 16 52 74 50 14 108 93 26 10 0 45 33 98 76 61 10 37 0 67 67 
c: 72 76 79 77 75 76 72 74 80 82 86 84 83 75 72 71 69 71 69 66 66 60 63 67 
p: 192 199 214 215 207 212 209 219 239 248 263 267 266 240 227 224 213 221 217 209 211 189 203 210 

--------------------

fig1
g: 75 128 111 50 48 75 72 64 71 78 47 144 202 37 115 146 132 138 0 63 22 43 33 18 
c: 76 79 74 72 66 65 69 71 72 77 78 82 84 81 78 83 84 85 81 79 76 74 75 73 
p: 226 231 217 213 184 184 196 204 211 228 224 231 242 230 219 236 238 238 231 231 225 221 226 221 

--------------------

fig1
g: 36 73 124 107 180 178 151 26 127 116 103 106 128 189 40 103 150 160 73 195 159 171 183 82 
c: 81 79 80 75 78 81 83 81 83 87 88 95 95 93 92 93 95 99 99 96 97 100 98 103 
p: 247 242 252 237 247 261 262 249 253 265 255 282 279 275 275 279 292 299 293 285 286 296 293 314 

--------------------

fig1
g: 226 37 194 168 180 221 235 206 199 203 0 216 205 300 268 268 270 298 309 310 329 336 379 344 
c: 107 99 99 103 107 110 114 115 120 117 116 122 121 123 127 130 131 134 136 133 131 136 139 141 
p: 312 279 278 298 309 318 334 341 358 350 340 358 356 370 377 384 398 404 415 404 399 411 421 426 

--------------------

fig1
g: 45 210 204 148 147 71 63 65 103 168 11 117 116 109 98 150 111 152 88 197 210 196 218 99 
c: 87 91 90 90 93 90 86 89 86 83 78 76 80 82 79 81 84 88 91 94 102 103 105 106 
p: 256 260 263 260 275 265 248 247 232 223 211 209 217 226 219 235 257 263 274 286 311 312 318 320 

--------------------

fig1
g: 140 152 135 164 159 48 0 13 181 141 168 171 210 212 225 205 176 218 190 15 195 214 211 210 
c: 92 94 94 100 103 105 97 94 99 95 100 96 97 102 106 104 110 113 112 106 109 104 108 113 
p: 274 289 294 319 332 344 321 322 334 314 331 320 313 332 345 333 344 344 341 323 335 326 333 354 

--------------------

fig1
g: 140 113 119 138 113 132 132 70 0 92 34 90 60 88 69 117 175 173 133 51 108 168 45 98 
c: 91 90 92 92 94 93 92 91 83 84 78 78 78 85 88 91 98 101 94 94 95 96 92 91 
p: 292 279 274 268 284 287 267 268 239 244 216 221 217 233 241 248 275 288 261 267 276 283 267 251 

--------------------

fig1
g: 160 205 216 217 174 187 195 179 198 0 198 227 0 223 224 257 225 0 249 273 0 303 281 268 
c: 91 97 100 100 100 107 111 116 119 115 116 116 110 115 115 117 110 117 124 129 122 120 128 126 
p: 257 278 286 287 287 300 311 324 338 328 332 334 314 324 323 341 320 342 360 381 363 358 387 380 

--------------------

fig1
g: 126 189 181 73 188 0 82 143 183 192 197 218 187 59 240 239 272 250 130 247 178 240 248 249 
c: 84 90 88 83 82 79 80 82 83 84 86 85 88 87 96 97 101 102 103 107 101 102 106 109 
p: 243 269 266 255 250 241 240 243 246 253 263 267 274 273 298 297 312 314 318 325 314 317 337 343 

--------------------

fig1
g: 95 95 92 68 72 65 0 76 216 77 214 0 216 66 263 200 70 227 249 239 80 48 214 212 
c: 83 84 84 82 81 84 83 86 86 85 89 85 88 89 90 92 94 93 96 101 100 92 96 101 
p: 249 249 250 248 246 254 250 263 264 260 274 255 272 274 281 287 295 292 292 310 301 282 297 309 

--------------------

fig1
g: 176 172 19 198 199 0 125 25 54 155 138 42 100 127 50 187 144 18 119 139 137 111 139 87 
c: 84 88 88 89 93 88 90 92 89 85 82 80 80 81 83 86 89 85 80 74 77 80 85 89 
p: 262 266 267 271 279 258 261 267 257 247 237 224 224 226 234 246 260 239 225 197 201 218 229 252 

--------------------

fig1
g: 70 98 179 144 80 110 126 79 47 116 159 34 32 82 148 16 95 10 132 0 170 172 170 105 
c: 79 83 86 88 89 91 90 91 91 93 92 92 87 89 94 89 88 79 77 75 77 81 82 85 
p: 234 244 254 257 254 243 243 243 242 250 239 238 228 239 263 260 256 241 239 234 245 262 265 273 

--------------------

fig1
g: 29 68 50 44 66 57 6 59 36 37 89 37 55 93 11 54 68 49 60 49 53 39 29 46 
c: 75 77 77 70 74 76 70 71 70 70 70 73 70 74 73 74 76 77 82 85 87 87 81 78 
p: 236 234 231 204 216 222 202 203 211 215 219 230 214 223 216 211 210 215 230 239 248 247 238 243 

--------------------

fig1
g: 219 188 11 234 101 216 229 245 286 273 263 295 288 282 305 321 305 0 13 307 317 380 325 11 
c: 106 104 102 103 104 107 110 107 112 112 115 117 123 124 131 131 134 131 139 142 146 144 142 143 
p: 301 300 294 294 300 311 321 313 334 332 347 355 379 390 408 413 435 422 443 448 466 452 445 455 

--------------------

fig1
g: 31 25 79 29 76 75 102 73 168 0 176 198 49 40 45 153 71 83 185 87 169 77 83 152 
c: 78 77 76 75 76 74 77 80 84 76 77 74 79 78 76 77 79 77 76 78 78 77 78 79 
p: 231 226 230 222 225 231 240 254 265 239 231 228 241 237 228 226 234 227 230 240 230 227 216 228 

--------------------

fig1
g: 53 119 63 37 12 0 118 98 23 16 75 152 63 160 81 35 119 151 78 108 32 40 26 71 
c: 79 82 80 78 75 67 68 73 71 74 77 80 77 80 84 80 83 89 90 88 92 91 90 90 
p: 241 249 240 229 220 195 193 208 203 211 213 227 218 235 248 237 256 276 276 269 281 270 267 265 

--------------------

fig1
g: 68 100 104 91 106 46 41 91 59 130 43 58 29 99 22 62 19 18 28 39 117 94 114 118 
c: 84 81 76 77 78 79 74 73 77 81 76 71 70 70 69 72 71 76 78 80 79 82 82 89 
p: 265 248 235 234 226 232 217 214 232 240 225 208 211 209 204 212 213 232 240 248 242 252 249 268 

--------------------

fig1
g: 147 41 120 87 66 77 163 20 72 0 61 186 75 177 185 107 66 205 211 144 165 13 176 52 
c: 76 75 78 82 82 80 83 80 82 77 84 89 91 95 100 100 94 98 102 99 106 105 99 93 
p: 223 218 231 242 238 221 228 228 230 215 238 250 254 267 288 298 284 300 316 300 325 321 311 296 

--------------------

genType: 3
distType: 1
END

fig1
g: 0 4 0 0 0 31 70 0 0 75 52 0 0 37 43 0 51 14 0 65 0 50 71 77 
c: 57 53 51 46 42 39 43 37 35 38 43 40 39 39 41 38 44 46 46 50 44 45 50 54 
p: 178 166 160 144 132 122 130 114 105 114 127 116 117 119 120 112 127 127 129 139 115 115 141 152 

--------------------

fig1
g: 25 91 0 0 0 68 0 0 0 0 68 58 70 79 43 100 0 15 34 0 59 96 0 0 
c: 50 55 47 46 44 49 43 38 36 36 39 41 41 46 52 60 58 54 56 54 62 60 53 50 
p: 145 171 151 148 139 151 135 123 119 120 128 126 116 133 156 180 176 163 165 158 183 181 170 159 

--------------------

fig1
g: 0 0 38 62 12 0 0 52 39 44 13 42 0 0 73 63 40 41 0 28 13 0 23 18 
c: 54 52 49 51 44 42 40 38 39 39 40 43 37 35 41 45 47 52 50 51 50 45 51 50 
p: 169 168 156 157 138 130 123 125 125 119 119 124 97 87 113 128 135 151 149 153 143 129 145 141 

--------------------

fig1
g: 117 96 130 112 41 0 89 6 22 44 26 55 45 42 113 50 106 105 21 74 103 92 58 47 
c: 65 62 64 69 69 67 69 71 70 75 73 71 65 60 62 61 60 57 54 55 63 61 59 57 
p: 205 180 188 197 202 190 198 205 213 229 223 214 205 179 183 179 174 175 171 166 192 188 183 179 

--------------------

fig1
g: 0 33 74 0 0 0 39 9 42 27 45 14 0 101 91 28 15 16 25 39 58 67 77 103 
c: 68 65 63 55 45 40 45 47 49 47 51 54 49 52 54 57 54 60 61 63 67 71 67 69 
p: 204 191 187 166 134 116 125 131 137 129 141 158 143 151 156 178 171 188 196 204 224 236 225 229 

--------------------

fig1
g: 35 0 86 113 106 124 110 63 71 117 129 0 69 122 113 141 83 84 101 16 59 0 46 9 
c: 43 37 43 46 54 61 63 61 62 68 68 66 62 65 67 68 71 67 68 65 65 58 59 57 
p: 133 116 130 138 163 178 187 179 175 197 200 191 174 182 195 210 215 202 199 187 183 163 167 161 

--------------------

fig1
g: 63 0 72 140 40 56 73 25 0 83 74 41 75 88 19 27 126 63 131 41 97 69 44 0 
c: 60 54 54 56 58 56 54 52 49 48 50 51 51 57 57 55 60 59 61 62 64 62 63 61 
p: 199 181 180 190 195 191 183 176 164 157 160 165 159 179 172 165 181 177 191 192 206 195 201 190 

--------------------

fig1
g: 77 84 0 0 105 46 0 109 0 106 134 134 77 66 38 23 74 156 83 148 0 105 65 0 
c: 56 59 54 51 52 54 51 53 51 56 56 57 58 58 55 58 60 63 59 64 58 60 58 52 
p: 163 175 160 148 149 153 146 161 155 173 174 180 183 184 175 181 188 201 194 201 174 178 177 158 

--------------------

fig1
g: 85 104 151 0 104 99 137 160 126 135 102 132 0 153 122 129 110 144 107 0 0 128 113 128 
c: 71 71 75 71 78 78 74 75 73 75 75 81 79 79 79 81 78 81 82 79 72 73 74 75 
p: 205 207 221 210 226 227 215 215 209 222 220 235 227 225 231 238 240 252 257 245 219 225 225 235 

--------------------

fig1
g: 90 75 29 0 24 70 49 2 0 84 0 61 17 33 0 18 36 47 13 2 2 98 39 22 
c: 65 63 58 55 56 59 55 44 43 49 48 54 52 54 52 52 50 55 55 57 55 58 56 59 
p: 183 181 158 149 153 162 155 128 126 144 146 170 164 172 164 161 160 175 174 174 166 173 165 168 

--------------------

fig1
g: 0 5 75 32 19 24 0 40 69 82 0 35 34 0 106 47 5 16 6 42 0 40 0 47 
c: 44 42 46 44 43 48 44 41 45 47 44 47 42 44 48 49 47 47 42 45 44 50 50 48 
p: 140 132 139 136 133 151 139 129 141 148 136 146 122 128 141 146 137 140 131 139 132 154 146 134 

--------------------

fig1
g: 124 112 12 46 27 145 0 45 0 4 0 2 49 0 15 14 15 0 0 0 1 41 3 33 
c: 50 50 50 53 52 58 55 60 53 51 48 46 48 47 52 56 53 48 45 37 35 40 38 40 
p: 150 150 151 164 158 185 170 189 173 166 152 144 153 149 158 164 154 137 127 98 97 113 117 123 

--------------------

fig1
g: 0 0 60 124 76 64 143 58 153 0 147 103 60 52 42 48 73 53 0 102 58 55 91 124 
c: 56 52 54 58 63 66 64 63 68 67 67 64 69 69 65 62 63 61 58 60 55 55 62 69 
p: 182 166 175 192 208 212 200 191 193 192 191 176 192 191 177 173 172 163 149 152 138 136 163 183 

--------------------

fig1
g: 87 76 91 0 79 3 75 45 76 10 86 68 66 0 50 74 58 0 93 78 0 92 87 4 
c: 60 61 63 59 58 51 54 54 56 55 60 64 66 62 65 69 74 72 77 81 77 81 81 79 
p: 181 186 186 174 170 148 150 153 169 155 166 176 181 169 180 196 217 206 223 235 220 233 242 241 

--------------------

fig1
g: 2 41 7 18 114 118 138 53 74 0 51 49 79 0 1 91 18 178 12 62 180 6 0 18 
c: 68 64 61 60 65 63 62 64 61 59 62 67 67 62 61 66 63 65 68 66 71 68 62 65 
p: 199 186 171 171 190 190 187 197 188 180 193 199 193 179 176 191 187 188 192 180 195 191 174 183 

--------------------

fig1
g: 4 14 80 51 9 25 0 2 77 67 0 106 3 4 29 15 0 87 109 135 52 119 97 4 
c: 56 55 60 63 58 55 54 52 48 54 48 54 53 58 56 53 45 46 53 54 51 56 62 55 
p: 165 165 180 191 180 173 168 162 149 168 150 165 161 174 167 160 131 141 160 170 161 183 193 172 

--------------------

fig1
g: 6 36 27 1 100 16 36 25 24 0 39 0 57 25 0 41 17 71 85 53 1 6 10 45 
c: 57 60 59 55 60 60 57 54 49 49 47 44 44 40 41 41 40 46 48 54 51 52 52 57 
p: 180 191 189 176 199 194 177 169 149 146 141 132 134 127 132 126 122 136 145 162 155 157 152 175 

--------------------

fig1
g: 11 59 178 21 25 10 43 52 46 0 13 86 165 6 5 24 156 1 130 140 20 19 1 15 
c: 64 66 68 68 70 67 60 59 58 57 54 53 56 51 54 50 56 54 58 64 65 62 59 56 
p: 190 205 208 214 217 210 188 191 182 180 173 174 190 172 176 161 181 177 180 200 205 188 176 164 

--------------------

fig1
g: 92 0 79 45 90 33 23 80 110 74 31 76 25 108 141 27 52 59 61 51 68 91 32 18 
c: 55 49 48 51 57 54 54 54 57 63 62 62 66 62 66 64 60 60 64 60 63 67 68 67 
p: 167 144 148 147 172 162 164 169 175 192 187 182 203 187 198 192 176 172 184 177 178 198 199 201 

--------------------

fig1
g: 0 66 88 56 91 51 18 0 42 96 0 0 31 63 12 51 39 28 54 16 0 42 1 0 
c: 37 44 51 49 51 52 53 51 46 49 47 40 41 44 43 47 48 46 52 49 45 44 40 38 
p: 114 138 157 146 148 153 154 149 130 141 138 115 115 128 126 147 153 148 164 155 145 141 127 123 

--------------------

genType: 3
distType: 2
END

fig1
g: 140 104 138 146 135 152 171 0 161 174 0 0 30 159 172 202 163 164 167 182 161 179 197 145 
c: 79 82 87 89 95 99 105 95 89 88 83 86 85 86 89 91 93 96 100 100 104 108 111 106 
p: 244 264 273 280 297 310 322 280 271 262 239 246 234 228 240 247 246 255 266 267 283 298 309 300 

--------------------

fig1
g: 18 100 96 59 74 34 153 51 154 70 68 152 5 0 37 158 11 20 45 38 33 41 24 105 
c: 72 74 79 76 80 79 80 82 82 83 77 80 77 71 76 76 78 72 74 72 66 66 68 71 
p: 223 230 250 241 250 250 256 261 258 258 243 244 235 210 225 223 227 200 200 186 167 172 179 185 

--------------------

fig1
g: 0 75 142 63 76 63 93 58 0 106 91 111 106 8 140 135 161 127 121 0 143 154 155 67 
c: 65 67 70 70 69 68 66 62 61 60 63 65 69 73 80 85 81 81 83 81 81 86 82 81 
p: 193 196 201 206 202 196 187 181 171 164 172 173 194 204 224 239 223 230 230 223 229 248 237 234 

--------------------

fig1
g: 16 56 64 65 10 45 50 52 81 201 184 136 125 0 100 49 49 110 54 33 42 103 57 49 
c: 72 75 79 80 75 74 71 70 73 74 77 73 79 73 78 76 77 80 79 76 80 81 82 81 
p: 215 226 239 248 235 232 222 220 225 221 214 197 207 194 204 200 207 215 219 208 216 216 219 214 

--------------------

fig1
g: 80 68 45 100 118 97 58 0 39 47 47 56 0 61 22 32 33 52 111 113 139 155 102 88 
c: 69 70 70 72 74 80 82 78 80 77 79 78 69 71 68 65 63 67 70 73 68 71 75 76 
p: 182 189 183 191 198 218 223 216 221 216 224 226 205 214 208 199 196 207 221 230 214 215 226 232 

--------------------

fig1
g: 185 99 196 96 159 163 193 0 166 102 164 168 170 53 177 165 187 37 0 242 142 259 191 217 
c: 86 85 87 83 82 85 84 86 87 81 86 92 89 88 92 94 100 103 98 95 100 103 105 106 
p: 277 276 293 277 271 278 273 274 276 258 270 287 285 276 285 294 318 334 321 315 325 334 335 331 

--------------------

fig1
g: 92 93 115 127 110 0 131 148 0 145 159 172 148 186 177 172 0 168 185 195 185 185 0 213 
c: 77 83 86 86 85 80 84 89 88 91 94 99 96 93 92 93 87 88 89 95 97 103 100 101 
p: 246 261 270 285 276 258 273 287 280 285 291 304 301 297 287 285 267 265 258 281 285 305 293 298 

--------------------

fig1
g: 63 107 98 103 0 52 98 97 56 95 109 93 107 81 124 110 146 113 139 121 98 101 71 103 
c: 83 88 89 88 87 81 84 84 86 79 78 75 78 76 82 81 87 83 89 91 91 96 92 90 
p: 249 262 253 247 244 231 239 245 254 226 220 218 231 223 236 236 261 249 269 268 263 276 264 263 

--------------------

fig1
g: 86 101 88 52 56 0 81 120 110 99 108 79 81 90 89 84 80 102 122 95 76 57 108 79 
c: 70 71 76 72 71 69 70 75 78 84 84 80 81 85 85 82 82 86 86 88 82 78 78 77 
p: 221 221 230 227 221 212 215 225 235 257 261 246 249 262 261 255 260 276 282 299 278 263 268 263 

--------------------

fig1
g: 136 177 176 116 23 123 63 9 0 166 150 155 148 163 140 116 128 60 148 183 95 145 95 119 
c: 83 85 88 85 77 77 75 74 70 75 71 74 78 84 83 79 79 76 81 86 90 94 87 91 
p: 249 257 266 257 236 233 228 228 214 226 224 232 244 255 242 230 223 224 236 248 262 275 254 265 

--------------------

fig1
g: 138 74 51 101 104 81 92 102 48 61 56 80 81 2 0 100 97 96 83 0 80 71 60 149 
c: 78 75 74 71 75 78 78 83 78 78 84 86 89 82 78 79 75 71 69 67 73 71 75 78 
p: 228 229 219 208 223 232 226 240 223 219 241 241 256 241 227 235 227 226 216 208 229 213 225 233 

--------------------

fig1
g: 44 61 81 37 49 68 25 88 73 106 91 50 58 53 0 96 96 33 24 86 37 47 0 35 
c: 75 73 73 73 71 71 68 71 68 67 70 66 64 70 67 69 74 73 70 74 78 80 76 79 
p: 229 220 227 227 225 215 203 214 190 194 207 192 190 216 205 213 226 225 208 221 231 238 231 239 

--------------------

fig1
g: 107 0 44 45 65 76 40 109 153 147 61 136 65 105 57 78 120 77 103 100 37 85 107 75 
c: 87 80 77 72 70 73 78 76 80 80 87 83 79 82 81 85 84 87 89 85 84 85 87 86 
p: 238 213 205 198 196 203 213 210 228 232 250 241 226 244 239 259 255 253 256 241 237 239 252 264 

--------------------

fig1
g: 107 97 50 73 90 80 96 0 43 31 42 71 4 148 78 95 24 22 75 95 69 65 39 6 
c: 56 58 58 53 57 59 65 57 56 61 67 72 69 71 70 72 68 68 68 68 71 71 68 58 
p: 192 199 199 175 186 180 191 162 153 175 199 215 202 208 197 202 197 198 198 192 207 203 192 169 

--------------------

fig1
g: 72 68 97 41 46 39 2 18 14 29 30 74 43 60 44 119 134 52 24 82 42 87 113 123 
c: 79 75 78 71 73 70 66 64 69 72 73 79 83 82 87 83 87 87 82 88 82 80 77 77 
p: 243 217 228 204 203 203 198 188 205 212 218 233 250 248 265 249 269 265 253 280 252 251 228 224 

--------------------

fig1
g: 72 13 13 32 62 133 31 175 183 111 162 74 43 99 125 134 17 122 81 102 100 85 0 83 
c: 81 82 77 74 74 73 72 74 77 79 82 82 84 87 84 81 79 79 80 78 76 78 72 73 
p: 252 252 230 223 218 205 196 203 208 225 232 230 247 251 246 241 232 227 225 221 218 236 217 225 

--------------------

fig1
g: 186 181 166 27 150 80 115 0 39 0 190 196 30 162 0 62 144 102 28 175 180 178 234 193 
c: 90 92 89 84 84 83 81 80 74 74 72 71 70 72 68 72 79 81 88 94 94 95 97 103 
p: 283 284 273 255 256 256 254 252 238 239 241 237 225 226 210 224 244 251 270 283 280 269 275 297 

--------------------

fig1
g: 102 77 93 52 130 72 43 107 32 95 109 0 121 96 159 70 147 139 45 0 63 54 93 68 
c: 73 72 69 72 79 78 79 81 81 79 81 74 74 78 76 79 80 73 65 58 55 56 59 66 
p: 213 206 193 200 220 221 225 237 238 224 231 215 210 228 229 244 252 234 207 184 177 178 183 203 

--------------------

fig1
g: 38 63 134 97 124 85 49 8 121 111 82 31 89 33 2 118 76 58 38 55 84 57 63 86 
c: 70 69 73 69 75 77 76 80 83 83 84 84 82 86 82 82 77 78 75 71 77 75 70 75 
p: 204 198 219 198 224 237 227 239 246 241 247 253 244 255 245 248 230 227 221 213 234 238 226 244 

--------------------

fig1
g: 195 148 57 50 241 105 0 60 52 162 144 216 203 185 193 228 60 216 183 80 93 69 190 184 
c: 92 91 94 90 95 92 82 77 77 74 80 87 91 89 93 96 89 92 90 92 94 91 96 97 
p: 296 290 295 289 303 299 274 256 257 243 265 279 283 256 267 285 267 276 264 272 278 278 293 312 

--------------------

genType: 4
distType: 1
END

fig1
g: 71 0 65 0 152 19 68 69 101 108 0 93 95 84 23 81 3 72 95 108 116 0 9 2 
c: 66 60 62 58 60 60 59 58 59 65 61 62 65 69 70 75 71 71 75 73 78 72 68 67 
p: 189 172 180 174 172 172 167 167 176 188 177 185 194 208 211 230 220 212 225 218 232 213 203 201 

--------------------

fig1
g: 24 69 48 17 50 87 66 79 65 70 23 151 30 0 38 27 21 98 120 140 11 0 126 140 
c: 73 75 73 70 66 68 65 69 71 78 78 78 77 74 73 69 63 68 73 74 75 70 63 70 
p: 226 237 230 219 210 222 209 221 229 253 254 246 240 227 231 222 199 227 249 254 255 233 207 230 

--------------------

fig1
g: 0 3 88 0 0 1 88 13 27 0 0 26 33 48 48 54 48 35 45 58 0 84 0 0 
c: 53 48 54 51 49 48 50 46 44 42 39 40 42 43 47 52 53 53 58 64 63 66 62 62 
p: 165 159 183 172 162 155 158 142 126 123 113 120 129 128 138 154 155 156 173 187 186 189 178 176 

--------------------

